"x","site","plot_no","q_no","t_no","old_code","osuri_code","current_code","gbh_1","gbh_2","gbh_3","gbh_4","gbh_5","gbh_6","gbh_7","gbh_8","gbh_9","gbh_10","gbh_11","gbh_12","gbh_13","gbh_14","gbh_15","gbh_16","P_ID"
1,"Iyerpadi_Akkamalai",1,1,1,"Aph pol","Aph pol","Aph pol",69.5,25.5,11,0,0,0,0,0,0,0,0,0,0,0,0,0,"Iyerpadi_Akkamalai_1"
2,"Iyerpadi_Akkamalai",1,2,2,"Neo scr","Neo scr","Neo scr",97,0,0,0,0,0,0,0,0,0,0,0,0,0,0,0,"Iyerpadi_Akkamalai_1"
3,"Iyerpadi_Akkamalai",1,2,3,"Dio syl","Dio syl","Dio syl",32.5,0,0,0,0,0,0,0,0,0,0,0,0,0,0,0,"Iyerpadi_Akkamalai_1"
4,"Iyerpadi_Akkamalai",1,2,4,"Not rac","Not rac","Not rac",32,0,0,0,0,0,0,0,0,0,0,0,0,0,0,0,"Iyerpadi_Akkamalai_1"
5,"Iyerpadi_Akkamalai",1,2,5,"Syz den","Syz den","Syz den",60,0,0,0,0,0,0,0,0,0,0,0,0,0,0,0,"Iyerpadi_Akkamalai_1"
6,"Iyerpadi_Akkamalai",1,2,6,"Mes fer","Mes fer","Mes fer",39,0,0,0,0,0,0,0,0,0,0,0,0,0,0,0,"Iyerpadi_Akkamalai_1"
7,"Iyerpadi_Akkamalai",1,2,7,"Cul exa","Cul exa","Cul exa",193,0,0,0,0,0,0,0,0,0,0,0,0,0,0,0,"Iyerpadi_Akkamalai_1"
8,"Iyerpadi_Akkamalai",1,3,8,"Cul exa","Cul exa","Cul exa",85,0,0,0,0,0,0,0,0,0,0,0,0,0,0,0,"Iyerpadi_Akkamalai_1"
9,"Iyerpadi_Akkamalai",1,3,9,"Art het","Art het","Art het",104,0,0,0,0,0,0,0,0,0,0,0,0,0,0,0,"Iyerpadi_Akkamalai_1"
10,"Iyerpadi_Akkamalai",1,3,10,"Gom cor","Gom cor","Gom cor",80,0,0,0,0,0,0,0,0,0,0,0,0,0,0,0,"Iyerpadi_Akkamalai_1"
11,"Iyerpadi_Akkamalai",1,3,11,"Syz den","Syz den","Syz den",156,0,0,0,0,0,0,0,0,0,0,0,0,0,0,0,"Iyerpadi_Akkamalai_1"
12,"Iyerpadi_Akkamalai",1,4,12,"Gar tal","Gar tal","Gar tal",59,0,0,0,0,0,0,0,0,0,0,0,0,0,0,0,"Iyerpadi_Akkamalai_1"
13,"Iyerpadi_Akkamalai",1,4,13,"Aph pol","Aph pol","Aph pol",102,0,0,0,0,0,0,0,0,0,0,0,0,0,0,0,"Iyerpadi_Akkamalai_1"
14,"Iyerpadi_Akkamalai",1,4,14,"Lit gla","Lit ole","Lit nig",67,0,0,0,0,0,0,0,0,0,0,0,0,0,0,0,"Iyerpadi_Akkamalai_1"
15,"Iyerpadi_Akkamalai",1,4,15,"Hyd alp","Hyd alp","Hyd alp",41,0,0,0,0,0,0,0,0,0,0,0,0,0,0,0,"Iyerpadi_Akkamalai_1"
16,"Iyerpadi_Akkamalai",1,4,16,"Cas rub","Cas rub","Cas rub",41,0,0,0,0,0,0,0,0,0,0,0,0,0,0,0,"Iyerpadi_Akkamalai_1"
17,"Iyerpadi_Akkamalai",1,4,17,"Gom cor","Gom cor","Gom cor",67,0,0,0,0,0,0,0,0,0,0,0,0,0,0,0,"Iyerpadi_Akkamalai_1"
18,"Iyerpadi_Akkamalai",1,4,18,"Fic ner","Fic ner","Fic ner",48,0,0,0,0,0,0,0,0,0,0,0,0,0,0,0,"Iyerpadi_Akkamalai_1"
19,"Iyerpadi_Akkamalai",1,4,19,"Cry bou","Cry wig","Cry wig",82,0,0,0,0,0,0,0,0,0,0,0,0,0,0,0,"Iyerpadi_Akkamalai_1"
20,"Iyerpadi_Akkamalai",2,5,20,"Pal ell","Pal ell","Pal ell",170,0,0,0,0,0,0,0,0,0,0,0,0,0,0,0,"Iyerpadi_Akkamalai_2"
21,"Iyerpadi_Akkamalai",2,5,21,"Dry ela","Dry ven","Dry wig",36,0,0,0,0,0,0,0,0,0,0,0,0,0,0,0,"Iyerpadi_Akkamalai_2"
22,"Iyerpadi_Akkamalai",2,5,22,"Cul exa","Cul exa","Cul exa",122,0,0,0,0,0,0,0,0,0,0,0,0,0,0,0,"Iyerpadi_Akkamalai_2"
23,"Iyerpadi_Akkamalai",2,5,23,"Myr dac","Myr dac","Myr bed",84,0,0,0,0,0,0,0,0,0,0,0,0,0,0,0,"Iyerpadi_Akkamalai_2"
24,"Iyerpadi_Akkamalai",2,5,24,"Cle vis","Cle inf","Cle inf",31,0,0,0,0,0,0,0,0,0,0,0,0,0,0,0,"Iyerpadi_Akkamalai_2"
25,"Iyerpadi_Akkamalai",2,6,25,"Dim lon","Dim lon","Dim lon",131,0,0,0,0,0,0,0,0,0,0,0,0,0,0,0,"Iyerpadi_Akkamalai_2"
26,"Iyerpadi_Akkamalai",2,6,26,"Pru cey","Pru cey","Pru cey",150,0,0,0,0,0,0,0,0,0,0,0,0,0,0,0,"Iyerpadi_Akkamalai_2"
27,"Iyerpadi_Akkamalai",2,6,27,"Art het","Art het","Art het",60,0,0,0,0,0,0,0,0,0,0,0,0,0,0,0,"Iyerpadi_Akkamalai_2"
28,"Iyerpadi_Akkamalai",2,7,28,"Ore int","Ore int","Ore int",33,0,0,0,0,0,0,0,0,0,0,0,0,0,0,0,"Iyerpadi_Akkamalai_2"
29,"Iyerpadi_Akkamalai",2,7,29,"Cro lac","Cro lac","Cro lac",43,35,0,0,0,0,0,0,0,0,0,0,0,0,0,0,"Iyerpadi_Akkamalai_2"
30,"Iyerpadi_Akkamalai",2,7,30,"Lep dec","Lep def","Lep def",46,0,0,0,0,0,0,0,0,0,0,0,0,0,0,0,"Iyerpadi_Akkamalai_2"
31,"Iyerpadi_Akkamalai",2,7,31,"Per mac","Per mac","Per mac",103,0,0,0,0,0,0,0,0,0,0,0,0,0,0,0,"Iyerpadi_Akkamalai_2"
32,"Iyerpadi_Akkamalai",2,7,32,"Lit gla","Lit ole","Lit nig",31,0,0,0,0,0,0,0,0,0,0,0,0,0,0,0,"Iyerpadi_Akkamalai_2"
33,"Iyerpadi_Akkamalai",2,7,33,"Act tad","Act tad","Act tad",45,0,0,0,0,0,0,0,0,0,0,0,0,0,0,0,"Iyerpadi_Akkamalai_2"
34,"Iyerpadi_Akkamalai",2,7,34,"Hyd alp","Hyd alp","Hyd alp",210,0,0,0,0,0,0,0,0,0,0,0,0,0,0,0,"Iyerpadi_Akkamalai_2"
35,"Iyerpadi_Akkamalai",2,7,35,"Ore int","Ore int","Ore int",32,0,0,0,0,0,0,0,0,0,0,0,0,0,0,0,"Iyerpadi_Akkamalai_2"
36,"Iyerpadi_Akkamalai",2,8,36,"Not rac","Not rac","Not rac",48,0,0,0,0,0,0,0,0,0,0,0,0,0,0,0,"Iyerpadi_Akkamalai_2"
37,"Iyerpadi_Akkamalai",2,8,37,"Neo scr","Neo scr","Neo scr",42,0,0,0,0,0,0,0,0,0,0,0,0,0,0,0,"Iyerpadi_Akkamalai_2"
38,"Iyerpadi_Akkamalai",2,8,38,"Mes fer","Mes fer","Mes fer",131,0,0,0,0,0,0,0,0,0,0,0,0,0,0,0,"Iyerpadi_Akkamalai_2"
39,"Iyerpadi_Akkamalai",2,8,39,"Her pop","Her pap","Her pap",31.5,0,0,0,0,0,0,0,0,0,0,0,0,0,0,0,"Iyerpadi_Akkamalai_2"
40,"Iyerpadi_Akkamalai",3,9,40,"Ore int","Ore int","Ore int",46,36,0,0,0,0,0,0,0,0,0,0,0,0,0,0,"Iyerpadi_Akkamalai_3"
41,"Iyerpadi_Akkamalai",3,9,41,"Gom cor","Gom cor","Gom cor",41,0,0,0,0,0,0,0,0,0,0,0,0,0,0,0,"Iyerpadi_Akkamalai_3"
42,"Iyerpadi_Akkamalai",3,9,42,"Gom cor","Gom cor","Gom cor",57,0,0,0,0,0,0,0,0,0,0,0,0,0,0,0,"Iyerpadi_Akkamalai_3"
43,"Iyerpadi_Akkamalai",3,9,43,"Aph pol","Aph pol","Aph pol",90,10,0,0,0,0,0,0,0,0,0,0,0,0,0,0,"Iyerpadi_Akkamalai_3"
44,"Iyerpadi_Akkamalai",3,9,44,"Her pop","Her pap","Her pap",161,0,0,0,0,0,0,0,0,0,0,0,0,0,0,0,"Iyerpadi_Akkamalai_3"
45,"Iyerpadi_Akkamalai",3,9,45,"Hyd alp","Hyd alp","Hyd alp",62,0,0,0,0,0,0,0,0,0,0,0,0,0,0,0,"Iyerpadi_Akkamalai_3"
46,"Iyerpadi_Akkamalai",3,9,46,"Ant men","Ant mon","Ant mon",40,0,0,0,0,0,0,0,0,0,0,0,0,0,0,0,"Iyerpadi_Akkamalai_3"
47,"Iyerpadi_Akkamalai",3,9,47,"Gom cor","Gom cor","Gom cor",58,0,0,0,0,0,0,0,0,0,0,0,0,0,0,0,"Iyerpadi_Akkamalai_3"
48,"Iyerpadi_Akkamalai",3,9,48,"Myr dac","Myr dac","Myr bed",30,0,0,0,0,0,0,0,0,0,0,0,0,0,0,0,"Iyerpadi_Akkamalai_3"
49,"Iyerpadi_Akkamalai",3,9,49,"Lit gla","Lit ole","Lit nig",32,0,0,0,0,0,0,0,0,0,0,0,0,0,0,0,"Iyerpadi_Akkamalai_3"
50,"Iyerpadi_Akkamalai",3,10,50,"Mas arb","Mas arb","Mas arb",39,0,0,0,0,0,0,0,0,0,0,0,0,0,0,0,"Iyerpadi_Akkamalai_3"
51,"Iyerpadi_Akkamalai",3,10,51,"Cin sul","Cin sul","Cin sul",60,0,0,0,0,0,0,0,0,0,0,0,0,0,0,0,"Iyerpadi_Akkamalai_3"
52,"Iyerpadi_Akkamalai",3,10,52,"Myr dac","Myr dac","Myr bed",42,0,0,0,0,0,0,0,0,0,0,0,0,0,0,0,"Iyerpadi_Akkamalai_3"
53,"Iyerpadi_Akkamalai",3,10,53,"Lit gla","Lit ole","Lit nig",49,0,0,0,0,0,0,0,0,0,0,0,0,0,0,0,"Iyerpadi_Akkamalai_3"
54,"Iyerpadi_Akkamalai",3,10,54,"Sco cre","Sco cre","Sco cre",210,0,0,0,0,0,0,0,0,0,0,0,0,0,0,0,"Iyerpadi_Akkamalai_3"
55,"Iyerpadi_Akkamalai",3,10,55,"Lit bou","Lit bou","Lit bou",52,23,15,0,0,0,0,0,0,0,0,0,0,0,0,0,"Iyerpadi_Akkamalai_3"
56,"Iyerpadi_Akkamalai",3,10,56,"Lit gla","Lit ole","Lit nig",59,0,0,0,0,0,0,0,0,0,0,0,0,0,0,0,"Iyerpadi_Akkamalai_3"
57,"Iyerpadi_Akkamalai",3,11,57,"Bei wig","Bei wig","Bei wig",228,0,0,0,0,0,0,0,0,0,0,0,0,0,0,0,"Iyerpadi_Akkamalai_3"
58,"Iyerpadi_Akkamalai",3,11,58,"Myr dac","Myr dac","Myr bed",56,0,0,0,0,0,0,0,0,0,0,0,0,0,0,0,"Iyerpadi_Akkamalai_3"
59,"Iyerpadi_Akkamalai",3,11,59,"Lit gla","Lit ole","Lit nig",75,0,0,0,0,0,0,0,0,0,0,0,0,0,0,0,"Iyerpadi_Akkamalai_3"
60,"Iyerpadi_Akkamalai",3,11,60,"Cle vis","Cle inf","Cle inf",30,0,0,0,0,0,0,0,0,0,0,0,0,0,0,0,"Iyerpadi_Akkamalai_3"
61,"Iyerpadi_Akkamalai",3,11,61,"Aph pol","Aph pol","Aph pol",30,0,0,0,0,0,0,0,0,0,0,0,0,0,0,0,"Iyerpadi_Akkamalai_3"
62,"Iyerpadi_Akkamalai",3,11,62,"Cro lac","Cro lac","Cro lac",43,0,0,0,0,0,0,0,0,0,0,0,0,0,0,0,"Iyerpadi_Akkamalai_3"
63,"Iyerpadi_Akkamalai",3,11,63,"Cle vis","Cle inf","Cle inf",31,0,0,0,0,0,0,0,0,0,0,0,0,0,0,0,"Iyerpadi_Akkamalai_3"
64,"Iyerpadi_Akkamalai",3,12,64,"Cle vis","Cle inf","Cle inf",35,0,0,0,0,0,0,0,0,0,0,0,0,0,0,0,"Iyerpadi_Akkamalai_3"
65,"Iyerpadi_Akkamalai",3,12,65,"Cle vis","Cle inf","Cle inf",44,0,0,0,0,0,0,0,0,0,0,0,0,0,0,0,"Iyerpadi_Akkamalai_3"
66,"Iyerpadi_Akkamalai",3,12,66,"Ore int","Ore int","Ore int",32,0,0,0,0,0,0,0,0,0,0,0,0,0,0,0,"Iyerpadi_Akkamalai_3"
67,"Iyerpadi_Akkamalai",3,12,67,"Cro lac","Cro lac","Cro lac",52,0,0,0,0,0,0,0,0,0,0,0,0,0,0,0,"Iyerpadi_Akkamalai_3"
68,"Iyerpadi_Akkamalai",3,12,68,"Cro lac","Cro lac","Cro lac",31,31,0,0,0,0,0,0,0,0,0,0,0,0,0,0,"Iyerpadi_Akkamalai_3"
69,"Iyerpadi_Akkamalai",4,13,69,"Per mac","Per mac","Per mac",100,0,0,0,0,0,0,0,0,0,0,0,0,0,0,0,"Iyerpadi_Akkamalai_4"
70,"Iyerpadi_Akkamalai",4,14,70,"Dio nil","Dio nil","Dio nil",227,0,0,0,0,0,0,0,0,0,0,0,0,0,0,0,"Iyerpadi_Akkamalai_4"
71,"Iyerpadi_Akkamalai",4,14,71,"Per mac","Per mac","Per mac",130,0,0,0,0,0,0,0,0,0,0,0,0,0,0,0,"Iyerpadi_Akkamalai_4"
72,"Iyerpadi_Akkamalai",4,14,72,"Syz den","Syz den","Syz den",44,0,0,0,0,0,0,0,0,0,0,0,0,0,0,0,"Iyerpadi_Akkamalai_4"
73,"Iyerpadi_Akkamalai",4,14,73,"Ore int","Ore int","Ore int",51,45,0,0,0,0,0,0,0,0,0,0,0,0,0,0,"Iyerpadi_Akkamalai_4"
74,"Iyerpadi_Akkamalai",4,14,74,"Mas arb","Mas arb","Mas arb",159,0,0,0,0,0,0,0,0,0,0,0,0,0,0,0,"Iyerpadi_Akkamalai_4"
75,"Iyerpadi_Akkamalai",4,15,75,"Fic bed","Fic bed","Fic bed",674,0,0,0,0,0,0,0,0,0,0,0,0,0,0,0,"Iyerpadi_Akkamalai_4"
76,"Iyerpadi_Akkamalai",4,15,76,"Syz den","Syz den","Syz den",44,0,0,0,0,0,0,0,0,0,0,0,0,0,0,0,"Iyerpadi_Akkamalai_4"
77,"Iyerpadi_Akkamalai",4,15,77,"Ard rha","Ard rho","Ard rho",35,0,0,0,0,0,0,0,0,0,0,0,0,0,0,0,"Iyerpadi_Akkamalai_4"
78,"Iyerpadi_Akkamalai",4,15,78,"Gom cor","Gom cor","Gom cor",75,0,0,0,0,0,0,0,0,0,0,0,0,0,0,0,"Iyerpadi_Akkamalai_4"
79,"Iyerpadi_Akkamalai",4,15,79,"Ore int","Ore int","Ore int",30,0,0,0,0,0,0,0,0,0,0,0,0,0,0,0,"Iyerpadi_Akkamalai_4"
80,"Iyerpadi_Akkamalai",4,15,80,"Cul exa","Cul exa","Cul exa",168,0,0,0,0,0,0,0,0,0,0,0,0,0,0,0,"Iyerpadi_Akkamalai_4"
81,"Iyerpadi_Akkamalai",4,16,81,"Bhe ind","Bhe ind","Bhe ind",104,0,0,0,0,0,0,0,0,0,0,0,0,0,0,0,"Iyerpadi_Akkamalai_4"
82,"Iyerpadi_Akkamalai",4,16,82,"Lit gla","Lit ole","Lit nig",50,0,0,0,0,0,0,0,0,0,0,0,0,0,0,0,"Iyerpadi_Akkamalai_4"
83,"Iyerpadi_Akkamalai",4,16,83,"Hol nig","Hol nig","Hol nig",135,0,0,0,0,0,0,0,0,0,0,0,0,0,0,0,"Iyerpadi_Akkamalai_4"
84,"Iyerpadi_Akkamalai",4,16,84,"Dim lon","Dim lon","Dim lon",240,0,0,0,0,0,0,0,0,0,0,0,0,0,0,0,"Iyerpadi_Akkamalai_4"
85,"Iyerpadi_Akkamalai",5,17,85,"Ant men","Ant mon","Ant mon",51,0,0,0,0,0,0,0,0,0,0,0,0,0,0,0,"Iyerpadi_Akkamalai_5"
86,"Iyerpadi_Akkamalai",5,17,86,"Syz den","Syz den","Syz den",76,0,0,0,0,0,0,0,0,0,0,0,0,0,0,0,"Iyerpadi_Akkamalai_5"
87,"Iyerpadi_Akkamalai",5,17,87,"Agr ind","Agr ind","Agr ind",94,0,0,0,0,0,0,0,0,0,0,0,0,0,0,0,"Iyerpadi_Akkamalai_5"
88,"Iyerpadi_Akkamalai",5,18,88,"Dio ass","Dio ass","Dio ebe",110,0,0,0,0,0,0,0,0,0,0,0,0,0,0,0,"Iyerpadi_Akkamalai_5"
89,"Iyerpadi_Akkamalai",5,18,89,"Cry bou","Cry wig","Cry wig",256,0,0,0,0,0,0,0,0,0,0,0,0,0,0,0,"Iyerpadi_Akkamalai_5"
90,"Iyerpadi_Akkamalai",5,19,90,"Not rac","Not rac","Not rac",32,0,0,0,0,0,0,0,0,0,0,0,0,0,0,0,"Iyerpadi_Akkamalai_5"
91,"Iyerpadi_Akkamalai",5,19,91,"Sco cre","Sco cre","Sco cre",234,28,0,0,0,0,0,0,0,0,0,0,0,0,0,0,"Iyerpadi_Akkamalai_5"
92,"Iyerpadi_Akkamalai",5,19,92,"Dry ela","Dry ven","Dry wig",35,0,0,0,0,0,0,0,0,0,0,0,0,0,0,0,"Iyerpadi_Akkamalai_5"
93,"Iyerpadi_Akkamalai",5,20,93,"Pal ell","Pal ell","Pal ell",190,0,0,0,0,0,0,0,0,0,0,0,0,0,0,0,"Iyerpadi_Akkamalai_5"
94,"Iyerpadi_Akkamalai",5,20,94,"Neo scr","Neo scr","Neo scr",55,0,0,0,0,0,0,0,0,0,0,0,0,0,0,0,"Iyerpadi_Akkamalai_5"
95,"Iyerpadi_Akkamalai",5,20,95,"Lit gla","Lit ole","Lit nig",30,0,0,0,0,0,0,0,0,0,0,0,0,0,0,0,"Iyerpadi_Akkamalai_5"
96,"Iyerpadi_Akkamalai",5,20,96,"Dio ass","Dio ass","Dio ebe",156,0,0,0,0,0,0,0,0,0,0,0,0,0,0,0,"Iyerpadi_Akkamalai_5"
97,"Iyerpadi_Akkamalai",5,20,97,"Hol nig","Hol nig","Hol nig",58,0,0,0,0,0,0,0,0,0,0,0,0,0,0,0,"Iyerpadi_Akkamalai_5"
98,"Iyerpadi_Akkamalai",5,20,98,"Lit gla","Lit ole","Lit nig",39,0,0,0,0,0,0,0,0,0,0,0,0,0,0,0,"Iyerpadi_Akkamalai_5"
99,"Iyerpadi_Akkamalai",6,21,99,"Dio ass","Dio ass","Dio ebe",123,0,0,0,0,0,0,0,0,0,0,0,0,0,0,0,"Iyerpadi_Akkamalai_6"
100,"Iyerpadi_Akkamalai",6,21,100,"Pal ell","Pal ell","Pal ell",240,0,0,0,0,0,0,0,0,0,0,0,0,0,0,0,"Iyerpadi_Akkamalai_6"
101,"Iyerpadi_Akkamalai",6,21,101,"Dry ela","Dry ven","Dry wig",79,0,0,0,0,0,0,0,0,0,0,0,0,0,0,0,"Iyerpadi_Akkamalai_6"
102,"Iyerpadi_Akkamalai",6,21,102,"Cul exa","Cul exa","Cul exa",93,0,0,0,0,0,0,0,0,0,0,0,0,0,0,0,"Iyerpadi_Akkamalai_6"
103,"Iyerpadi_Akkamalai",6,22,103,"Cul exa","Cul exa","Cul exa",102,0,0,0,0,0,0,0,0,0,0,0,0,0,0,0,"Iyerpadi_Akkamalai_6"
104,"Iyerpadi_Akkamalai",6,22,104,"Ele gla","Ela gla","Ela gla",386,0,0,0,0,0,0,0,0,0,0,0,0,0,0,0,"Iyerpadi_Akkamalai_6"
105,"Iyerpadi_Akkamalai",6,23,105,"Pal ell","Pal ell","Pal ell",230,0,0,0,0,0,0,0,0,0,0,0,0,0,0,0,"Iyerpadi_Akkamalai_6"
106,"Iyerpadi_Akkamalai",6,23,106,"Pal ell","Pal ell","Pal ell",136,0,0,0,0,0,0,0,0,0,0,0,0,0,0,0,"Iyerpadi_Akkamalai_6"
107,"Iyerpadi_Akkamalai",6,23,107,"Pal ell","Pal ell","Pal ell",225,0,0,0,0,0,0,0,0,0,0,0,0,0,0,0,"Iyerpadi_Akkamalai_6"
108,"Iyerpadi_Akkamalai",6,23,108,"Ele mun","Ela mun","Ela mun",238,0,0,0,0,0,0,0,0,0,0,0,0,0,0,0,"Iyerpadi_Akkamalai_6"
109,"Iyerpadi_Akkamalai",6,24,109,"Aph pol","Aph pol","Aph pol",119,0,0,0,0,0,0,0,0,0,0,0,0,0,0,0,"Iyerpadi_Akkamalai_6"
110,"Iyerpadi_Akkamalai",6,24,110,"Bhe ind","Bhe ind","Bhe ind",180,0,0,0,0,0,0,0,0,0,0,0,0,0,0,0,"Iyerpadi_Akkamalai_6"
111,"Iyerpadi_Akkamalai",7,25,111,"Lit gla","Lit ole","Lit nig",38,0,0,0,0,0,0,0,0,0,0,0,0,0,0,0,"Iyerpadi_Akkamalai_7"
112,"Iyerpadi_Akkamalai",7,25,112,"Syz den","Syz den","Syz den",32,0,0,0,0,0,0,0,0,0,0,0,0,0,0,0,"Iyerpadi_Akkamalai_7"
113,"Iyerpadi_Akkamalai",7,25,113,"Lit gla","Lit ole","Lit nig",38,0,0,0,0,0,0,0,0,0,0,0,0,0,0,0,"Iyerpadi_Akkamalai_7"
114,"Iyerpadi_Akkamalai",7,25,114,"Cle vis","Cle inf","Cle inf",30,0,0,0,0,0,0,0,0,0,0,0,0,0,0,0,"Iyerpadi_Akkamalai_7"
115,"Iyerpadi_Akkamalai",7,25,115,"Ore int","Ore int","Ore int",66,56,40,23,0,0,0,0,0,0,0,0,0,0,0,0,"Iyerpadi_Akkamalai_7"
116,"Iyerpadi_Akkamalai",7,26,116,"Per mac","Per mac","Per mac",58,0,0,0,0,0,0,0,0,0,0,0,0,0,0,0,"Iyerpadi_Akkamalai_7"
117,"Iyerpadi_Akkamalai",7,26,117,"Ore int","Ore int","Ore int",63,30,19,14,0,0,0,0,0,0,0,0,0,0,0,0,"Iyerpadi_Akkamalai_7"
118,"Iyerpadi_Akkamalai",7,26,118,"Ore int","Ore int","Ore int",44,30,18,20,22,0,0,0,0,0,0,0,0,0,0,0,"Iyerpadi_Akkamalai_7"
119,"Iyerpadi_Akkamalai",7,26,119,"Lit bou","Lit bou","Lit bou",52,0,0,0,0,0,0,0,0,0,0,0,0,0,0,0,"Iyerpadi_Akkamalai_7"
120,"Iyerpadi_Akkamalai",7,26,120,"Ore int","Ore int","Ore int",59,38,31,18,23,0,0,0,0,0,0,0,0,0,0,0,"Iyerpadi_Akkamalai_7"
121,"Iyerpadi_Akkamalai",7,26,121,"Neo scr","Neo scr","Neo scr",84,0,0,0,0,0,0,0,0,0,0,0,0,0,0,0,"Iyerpadi_Akkamalai_7"
122,"Iyerpadi_Akkamalai",7,26,122,"Ore int","Ore int","Ore int",56,0,0,0,0,0,0,0,0,0,0,0,0,0,0,0,"Iyerpadi_Akkamalai_7"
123,"Iyerpadi_Akkamalai",7,26,123,"Lit gla","Lit ole","Lit nig",104,0,0,0,0,0,0,0,0,0,0,0,0,0,0,0,"Iyerpadi_Akkamalai_7"
124,"Iyerpadi_Akkamalai",7,27,124,"Fic tal","Fic tal","Fic tal",398,0,0,0,0,0,0,0,0,0,0,0,0,0,0,0,"Iyerpadi_Akkamalai_7"
125,"Iyerpadi_Akkamalai",7,27,125,"Ore int","Ore int","Ore int",36,0,0,0,0,0,0,0,0,0,0,0,0,0,0,0,"Iyerpadi_Akkamalai_7"
126,"Iyerpadi_Akkamalai",7,27,126,"Neo scr","Neo scr","Neo scr",91,0,0,0,0,0,0,0,0,0,0,0,0,0,0,0,"Iyerpadi_Akkamalai_7"
127,"Iyerpadi_Akkamalai",7,27,127,"Ore int","Ore int","Ore int",36,0,0,0,0,0,0,0,0,0,0,0,0,0,0,0,"Iyerpadi_Akkamalai_7"
128,"Iyerpadi_Akkamalai",7,27,128,"Ore int","Ore int","Ore int",45,0,0,0,0,0,0,0,0,0,0,0,0,0,0,0,"Iyerpadi_Akkamalai_7"
129,"Iyerpadi_Akkamalai",7,27,129,"Rap wig","Rap wig","Myr wig",35,0,0,0,0,0,0,0,0,0,0,0,0,0,0,0,"Iyerpadi_Akkamalai_7"
130,"Iyerpadi_Akkamalai",7,27,130,"Ore int","Ore int","Ore int",40,0,0,0,0,0,0,0,0,0,0,0,0,0,0,0,"Iyerpadi_Akkamalai_7"
131,"Iyerpadi_Akkamalai",7,27,131,"Per mac","Per mac","Per mac",109,0,0,0,0,0,0,0,0,0,0,0,0,0,0,0,"Iyerpadi_Akkamalai_7"
132,"Iyerpadi_Akkamalai",7,27,132,"Ore int","Ore int","Ore int",38,0,0,0,0,0,0,0,0,0,0,0,0,0,0,0,"Iyerpadi_Akkamalai_7"
133,"Iyerpadi_Akkamalai",7,27,133,"Ore int","Ore int","Ore int",34,0,0,0,0,0,0,0,0,0,0,0,0,0,0,0,"Iyerpadi_Akkamalai_7"
134,"Iyerpadi_Akkamalai",7,27,134,"Lit bou","Lit bou","Lit bou",69,0,0,0,0,0,0,0,0,0,0,0,0,0,0,0,"Iyerpadi_Akkamalai_7"
135,"Iyerpadi_Akkamalai",7,28,135,"Act bou","Act bou","Act bou",43,0,0,0,0,0,0,0,0,0,0,0,0,0,0,0,"Iyerpadi_Akkamalai_7"
136,"Iyerpadi_Akkamalai",7,28,136,"Ore int","Ore int","Ore int",34,33,0,0,0,0,0,0,0,0,0,0,0,0,0,0,"Iyerpadi_Akkamalai_7"
137,"Iyerpadi_Akkamalai",7,28,137,"Cle vis","Cle inf","Cle inf",30,0,0,0,0,0,0,0,0,0,0,0,0,0,0,0,"Iyerpadi_Akkamalai_7"
138,"Iyerpadi_Akkamalai",7,28,138,"Neo zey","Neo zey","Neo zey",70,0,0,0,0,0,0,0,0,0,0,0,0,0,0,0,"Iyerpadi_Akkamalai_7"
139,"Iyerpadi_Akkamalai",7,28,139,"Cle vis","Cle inf","Cle inf",36,0,0,0,0,0,0,0,0,0,0,0,0,0,0,0,"Iyerpadi_Akkamalai_7"
140,"Iyerpadi_Akkamalai",7,28,140,"Ore int","Ore int","Ore int",43,0,0,0,0,0,0,0,0,0,0,0,0,0,0,0,"Iyerpadi_Akkamalai_7"
141,"Iyerpadi_Akkamalai",8,29,141,"Dio ass","Dio ass","Dio ebe",72,0,0,0,0,0,0,0,0,0,0,0,0,0,0,0,"Iyerpadi_Akkamalai_8"
142,"Iyerpadi_Akkamalai",8,29,142,"Dio ass","Dio ass","Dio ebe",49,0,0,0,0,0,0,0,0,0,0,0,0,0,0,0,"Iyerpadi_Akkamalai_8"
143,"Iyerpadi_Akkamalai",8,29,143,"Mes fer","Mes fer","Mes fer",129,0,0,0,0,0,0,0,0,0,0,0,0,0,0,0,"Iyerpadi_Akkamalai_8"
144,"Iyerpadi_Akkamalai",8,29,144,"Dio ass","Dio ass","Dio ebe",90,0,0,0,0,0,0,0,0,0,0,0,0,0,0,0,"Iyerpadi_Akkamalai_8"
145,"Iyerpadi_Akkamalai",8,29,145,"Agr ind","Agr ind","Agr ind",35,0,0,0,0,0,0,0,0,0,0,0,0,0,0,0,"Iyerpadi_Akkamalai_8"
146,"Iyerpadi_Akkamalai",8,29,146,"Pal ell","Pal ell","Pal ell",171,0,0,0,0,0,0,0,0,0,0,0,0,0,0,0,"Iyerpadi_Akkamalai_8"
147,"Iyerpadi_Akkamalai",8,29,147,"Mes fer","Mes fer","Mes fer",85,0,0,0,0,0,0,0,0,0,0,0,0,0,0,0,"Iyerpadi_Akkamalai_8"
148,"Iyerpadi_Akkamalai",8,29,148,"Pal ell","Pal ell","Pal ell",136,0,0,0,0,0,0,0,0,0,0,0,0,0,0,0,"Iyerpadi_Akkamalai_8"
149,"Iyerpadi_Akkamalai",8,29,149,"Ard rha","Ard rho","Ard rho",30,0,0,0,0,0,0,0,0,0,0,0,0,0,0,0,"Iyerpadi_Akkamalai_8"
150,"Iyerpadi_Akkamalai",8,29,150,"Mes fer","Mes fer","Mes fer",29,0,0,0,0,0,0,0,0,0,0,0,0,0,0,0,"Iyerpadi_Akkamalai_8"
151,"Iyerpadi_Akkamalai",8,29,151,"Pal ell","Pal ell","Pal ell",120,0,0,0,0,0,0,0,0,0,0,0,0,0,0,0,"Iyerpadi_Akkamalai_8"
152,"Iyerpadi_Akkamalai",8,30,152,"Gar mor","Gar mor","Gar mor",87,0,0,0,0,0,0,0,0,0,0,0,0,0,0,0,"Iyerpadi_Akkamalai_8"
153,"Iyerpadi_Akkamalai",8,30,153,"Dio ass","Dio ass","Dio ebe",30,0,0,0,0,0,0,0,0,0,0,0,0,0,0,0,"Iyerpadi_Akkamalai_8"
154,"Iyerpadi_Akkamalai",8,30,154,"Mes fer","Mes fer","Mes fer",127,0,0,0,0,0,0,0,0,0,0,0,0,0,0,0,"Iyerpadi_Akkamalai_8"
155,"Iyerpadi_Akkamalai",8,30,155,"Pal ell","Pal ell","Pal ell",160,0,0,0,0,0,0,0,0,0,0,0,0,0,0,0,"Iyerpadi_Akkamalai_8"
156,"Iyerpadi_Akkamalai",8,31,156,"Myr dac","Myr dac","Myr bed",146,0,0,0,0,0,0,0,0,0,0,0,0,0,0,0,"Iyerpadi_Akkamalai_8"
157,"Iyerpadi_Akkamalai",8,31,157,"Gom cor","Gom cor","Gom cor",65,0,0,0,0,0,0,0,0,0,0,0,0,0,0,0,"Iyerpadi_Akkamalai_8"
158,"Iyerpadi_Akkamalai",8,31,158,"Dio ass","Dio ass","Dio ebe",79,0,0,0,0,0,0,0,0,0,0,0,0,0,0,0,"Iyerpadi_Akkamalai_8"
159,"Iyerpadi_Akkamalai",8,31,159,"Bhe ind","Bhe ind","Bhe ind",113,0,0,0,0,0,0,0,0,0,0,0,0,0,0,0,"Iyerpadi_Akkamalai_8"
160,"Iyerpadi_Akkamalai",8,31,160,"Bhe ind","Bhe ind","Bhe ind",94,0,0,0,0,0,0,0,0,0,0,0,0,0,0,0,"Iyerpadi_Akkamalai_8"
161,"Iyerpadi_Akkamalai",8,31,161,"Cul exa","Cul exa","Cul exa",205,0,0,0,0,0,0,0,0,0,0,0,0,0,0,0,"Iyerpadi_Akkamalai_8"
162,"Iyerpadi_Akkamalai",8,32,162,"Cul exa","Cul exa","Cul exa",195,0,0,0,0,0,0,0,0,0,0,0,0,0,0,0,"Iyerpadi_Akkamalai_8"
163,"Iyerpadi_Akkamalai",8,32,163,"Ant men","Ant mon","Ant mon",44,0,0,0,0,0,0,0,0,0,0,0,0,0,0,0,"Iyerpadi_Akkamalai_8"
164,"Iyerpadi_Akkamalai",8,32,164,"Myr dac","Myr dac","Myr bed",117,0,0,0,0,0,0,0,0,0,0,0,0,0,0,0,"Iyerpadi_Akkamalai_8"
165,"Iyerpadi_Akkamalai",8,32,165,"Agr ind","Agr ind","Agr ind",65,0,0,0,0,0,0,0,0,0,0,0,0,0,0,0,"Iyerpadi_Akkamalai_8"
166,"Iyerpadi_Akkamalai",8,32,166,"Gom cor","Gom cor","Gom cor",70,0,0,0,0,0,0,0,0,0,0,0,0,0,0,0,"Iyerpadi_Akkamalai_8"
167,"Iyerpadi_Akkamalai",9,33,167,"Hol nig","Hol nig","Hol nig",78,0,0,0,0,0,0,0,0,0,0,0,0,0,0,0,"Iyerpadi_Akkamalai_9"
168,"Iyerpadi_Akkamalai",9,33,168,"Her pop","Her pap","Her pap",169,0,0,0,0,0,0,0,0,0,0,0,0,0,0,0,"Iyerpadi_Akkamalai_9"
169,"Iyerpadi_Akkamalai",9,33,169,"Ore int","Ore int","Ore int",34,0,0,0,0,0,0,0,0,0,0,0,0,0,0,0,"Iyerpadi_Akkamalai_9"
170,"Iyerpadi_Akkamalai",9,33,170,"Her pop","Her pap","Her pap",210,0,0,0,0,0,0,0,0,0,0,0,0,0,0,0,"Iyerpadi_Akkamalai_9"
171,"Iyerpadi_Akkamalai",9,33,171,"Dry ela","Dry ven","Dry wig",44,0,0,0,0,0,0,0,0,0,0,0,0,0,0,0,"Iyerpadi_Akkamalai_9"
172,"Iyerpadi_Akkamalai",9,33,172,"Cul exa","Cul exa","Cul exa",69,0,0,0,0,0,0,0,0,0,0,0,0,0,0,0,"Iyerpadi_Akkamalai_9"
173,"Iyerpadi_Akkamalai",9,33,173,"Ant men","Ant mon","Ant mon",62,0,0,0,0,0,0,0,0,0,0,0,0,0,0,0,"Iyerpadi_Akkamalai_9"
174,"Iyerpadi_Akkamalai",9,34,174,"Cas rub","Cas rub","Cas rub",130,0,0,0,0,0,0,0,0,0,0,0,0,0,0,0,"Iyerpadi_Akkamalai_9"
175,"Iyerpadi_Akkamalai",9,34,175,"Bhe ind","Bhe ind","Bhe ind",104,0,0,0,0,0,0,0,0,0,0,0,0,0,0,0,"Iyerpadi_Akkamalai_9"
176,"Iyerpadi_Akkamalai",9,34,176,"Hol nig","Hol nig","Hol nig",220,0,0,0,0,0,0,0,0,0,0,0,0,0,0,0,"Iyerpadi_Akkamalai_9"
177,"Iyerpadi_Akkamalai",9,34,177,"Ore int","Ore int","Ore int",50,0,0,0,0,0,0,0,0,0,0,0,0,0,0,0,"Iyerpadi_Akkamalai_9"
178,"Iyerpadi_Akkamalai",9,34,178,"Ore int","Ore int","Ore int",36,0,0,0,0,0,0,0,0,0,0,0,0,0,0,0,"Iyerpadi_Akkamalai_9"
179,"Iyerpadi_Akkamalai",9,34,179,"Ore int","Ore int","Ore int",47,0,0,0,0,0,0,0,0,0,0,0,0,0,0,0,"Iyerpadi_Akkamalai_9"
180,"Iyerpadi_Akkamalai",9,34,180,"Cas rub","Cas rub","Cas rub",175,0,0,0,0,0,0,0,0,0,0,0,0,0,0,0,"Iyerpadi_Akkamalai_9"
181,"Iyerpadi_Akkamalai",9,35,181,"Myr dac","Myr dac","Myr bed",30,0,0,0,0,0,0,0,0,0,0,0,0,0,0,0,"Iyerpadi_Akkamalai_9"
182,"Iyerpadi_Akkamalai",9,35,182,"Syz den","Syz den","Syz den",60,0,0,0,0,0,0,0,0,0,0,0,0,0,0,0,"Iyerpadi_Akkamalai_9"
183,"Iyerpadi_Akkamalai",9,35,183,"Ore int","Ore int","Ore int",43,0,0,0,0,0,0,0,0,0,0,0,0,0,0,0,"Iyerpadi_Akkamalai_9"
184,"Iyerpadi_Akkamalai",9,35,184,"Per mac","Per mac","Per mac",225,44,0,0,0,0,0,0,0,0,0,0,0,0,0,0,"Iyerpadi_Akkamalai_9"
185,"Iyerpadi_Akkamalai",9,36,185,"Lit bou","Lit bou","Lit bou",43,0,0,0,0,0,0,0,0,0,0,0,0,0,0,0,"Iyerpadi_Akkamalai_9"
186,"Iyerpadi_Akkamalai",9,36,186,"Lit mys","Lit mys","Lit mys",108,0,0,0,0,0,0,0,0,0,0,0,0,0,0,0,"Iyerpadi_Akkamalai_9"
187,"Iyerpadi_Akkamalai",9,36,187,"Lit gla","Lit ole","Lit nig",46,0,0,0,0,0,0,0,0,0,0,0,0,0,0,0,"Iyerpadi_Akkamalai_9"
188,"Iyerpadi_Akkamalai",9,36,188,"Lit gla","Lit ole","Lit nig",49,0,0,0,0,0,0,0,0,0,0,0,0,0,0,0,"Iyerpadi_Akkamalai_9"
189,"Iyerpadi_Akkamalai",9,36,189,"Cle vis","Cle inf","Cle inf",30,0,0,0,0,0,0,0,0,0,0,0,0,0,0,0,"Iyerpadi_Akkamalai_9"
190,"Iyerpadi_Akkamalai",9,36,190,"Neo scr","Neo scr","Neo scr",55,20,10,0,0,0,0,0,0,0,0,0,0,0,0,0,"Iyerpadi_Akkamalai_9"
191,"Iyerpadi_Akkamalai",10,37,191,"Lit gla","Lit ole","Lit nig",50,0,0,0,0,0,0,0,0,0,0,0,0,0,0,0,"Iyerpadi_Akkamalai_10"
192,"Iyerpadi_Akkamalai",10,37,192,"Gar tal","Gar tal","Gar tal",90,0,0,0,0,0,0,0,0,0,0,0,0,0,0,0,"Iyerpadi_Akkamalai_10"
193,"Iyerpadi_Akkamalai",10,37,193,"Mae ind","Mae ind","Mae ind",44,31,0,0,0,0,0,0,0,0,0,0,0,0,0,0,"Iyerpadi_Akkamalai_10"
194,"Iyerpadi_Akkamalai",10,37,194,"Mae ind","Mae ind","Mae ind",32,0,0,0,0,0,0,0,0,0,0,0,0,0,0,0,"Iyerpadi_Akkamalai_10"
195,"Iyerpadi_Akkamalai",10,37,195,"Lit gla","Lit ole","Lit nig",31,0,0,0,0,0,0,0,0,0,0,0,0,0,0,0,"Iyerpadi_Akkamalai_10"
196,"Iyerpadi_Akkamalai",10,37,196,"Mae ind","Mae ind","Mae ind",42,0,0,0,0,0,0,0,0,0,0,0,0,0,0,0,"Iyerpadi_Akkamalai_10"
197,"Iyerpadi_Akkamalai",10,37,197,"Gom cor","Gom cor","Gom cor",55,0,0,0,0,0,0,0,0,0,0,0,0,0,0,0,"Iyerpadi_Akkamalai_10"
198,"Iyerpadi_Akkamalai",10,38,198,"Myr dac","Myr dac","Myr bed",117,0,0,0,0,0,0,0,0,0,0,0,0,0,0,0,"Iyerpadi_Akkamalai_10"
199,"Iyerpadi_Akkamalai",10,38,199,"Dio ass","Dio ass","Dio ebe",90,0,0,0,0,0,0,0,0,0,0,0,0,0,0,0,"Iyerpadi_Akkamalai_10"
200,"Iyerpadi_Akkamalai",10,38,200,"Cul exa","Cul exa","Cul exa",300,0,0,0,0,0,0,0,0,0,0,0,0,0,0,0,"Iyerpadi_Akkamalai_10"
201,"Iyerpadi_Akkamalai",10,38,201,"Cry bou","Cry wig","Cry wig",180,70,19,25,0,0,0,0,0,0,0,0,0,0,0,0,"Iyerpadi_Akkamalai_10"
202,"Iyerpadi_Akkamalai",10,38,202,"Cin sul","Cin sul","Cin sul",88,0,0,0,0,0,0,0,0,0,0,0,0,0,0,0,"Iyerpadi_Akkamalai_10"
203,"Iyerpadi_Akkamalai",10,39,203,"Myr dac","Myr dac","Myr bed",337,0,0,0,0,0,0,0,0,0,0,0,0,0,0,0,"Iyerpadi_Akkamalai_10"
204,"Iyerpadi_Akkamalai",10,39,204,"Mae ind","Mae ind","Mae ind",32,0,0,0,0,0,0,0,0,0,0,0,0,0,0,0,"Iyerpadi_Akkamalai_10"
205,"Iyerpadi_Akkamalai",10,39,205,"Acr ped","Acr ped","Acr ped",32,0,0,0,0,0,0,0,0,0,0,0,0,0,0,0,"Iyerpadi_Akkamalai_10"
206,"Iyerpadi_Akkamalai",10,40,206,"Hol nig","Hol nig","Hol nig",121,0,0,0,0,0,0,0,0,0,0,0,0,0,0,0,"Iyerpadi_Akkamalai_10"
207,"Iyerpadi_Akkamalai",10,40,207,"Lit gla","Lit ole","Lit nig",32,0,0,0,0,0,0,0,0,0,0,0,0,0,0,0,"Iyerpadi_Akkamalai_10"
208,"Iyerpadi_Akkamalai",10,40,208,"Mae ind","Mae ind","Mae ind",34,31,0,0,0,0,0,0,0,0,0,0,0,0,0,0,"Iyerpadi_Akkamalai_10"
209,"Iyerpadi_Akkamalai",11,41,209,"Myr dac","Myr dac","Myr bed",120,0,0,0,0,0,0,0,0,0,0,0,0,0,0,0,"Iyerpadi_Akkamalai_11"
210,"Iyerpadi_Akkamalai",11,41,210,"Gom cor","Gom cor","Gom cor",75,0,0,0,0,0,0,0,0,0,0,0,0,0,0,0,"Iyerpadi_Akkamalai_11"
211,"Iyerpadi_Akkamalai",11,41,211,"Lit gla","Lit ole","Lit nig",76,31,0,0,0,0,0,0,0,0,0,0,0,0,0,0,"Iyerpadi_Akkamalai_11"
212,"Iyerpadi_Akkamalai",11,41,212,"Cin sul","Cin sul","Cin sul",105,0,0,0,0,0,0,0,0,0,0,0,0,0,0,0,"Iyerpadi_Akkamalai_11"
213,"Iyerpadi_Akkamalai",11,42,213,"Per mac","Per mac","Per mac",65,0,0,0,0,0,0,0,0,0,0,0,0,0,0,0,"Iyerpadi_Akkamalai_11"
214,"Iyerpadi_Akkamalai",11,42,214,"Cle vis","Cle inf","Cle inf",43,0,0,0,0,0,0,0,0,0,0,0,0,0,0,0,"Iyerpadi_Akkamalai_11"
215,"Iyerpadi_Akkamalai",11,42,215,"Ele ser","Ela ser","Ela ser",225,0,0,0,0,0,0,0,0,0,0,0,0,0,0,0,"Iyerpadi_Akkamalai_11"
216,"Iyerpadi_Akkamalai",11,43,216,"Lit gla","Lit ole","Lit nig",36,0,0,0,0,0,0,0,0,0,0,0,0,0,0,0,"Iyerpadi_Akkamalai_11"
217,"Iyerpadi_Akkamalai",11,43,217,"Gar mor","Gar mor","Gar mor",33,0,0,0,0,0,0,0,0,0,0,0,0,0,0,0,"Iyerpadi_Akkamalai_11"
218,"Iyerpadi_Akkamalai",11,43,218,"Act ang","Act gul","Act gul",40,0,0,0,0,0,0,0,0,0,0,0,0,0,0,0,"Iyerpadi_Akkamalai_11"
219,"Iyerpadi_Akkamalai",11,43,219,"Syz den","Syz den","Syz den",210,0,0,0,0,0,0,0,0,0,0,0,0,0,0,0,"Iyerpadi_Akkamalai_11"
220,"Iyerpadi_Akkamalai",11,43,220,"Per mac","Per mac","Per mac",33,0,0,0,0,0,0,0,0,0,0,0,0,0,0,0,"Iyerpadi_Akkamalai_11"
221,"Iyerpadi_Akkamalai",11,44,221,"Myr dac","Myr dac","Myr bed",110,0,0,0,0,0,0,0,0,0,0,0,0,0,0,0,"Iyerpadi_Akkamalai_11"
222,"Iyerpadi_Akkamalai",11,44,222,"Gom cor","Gom cor","Gom cor",125,0,0,0,0,0,0,0,0,0,0,0,0,0,0,0,"Iyerpadi_Akkamalai_11"
223,"Iyerpadi_Akkamalai",11,44,223,"Mes fer","Mes fer","Mes fer",250,0,0,0,0,0,0,0,0,0,0,0,0,0,0,0,"Iyerpadi_Akkamalai_11"
224,"Iyerpadi_Akkamalai",11,44,224,"Her pop","Her pap","Her pap",200,0,0,0,0,0,0,0,0,0,0,0,0,0,0,0,"Iyerpadi_Akkamalai_11"
225,"Iyerpadi_Akkamalai",11,44,225,"Lit gla","Lit ole","Lit nig",41,0,0,0,0,0,0,0,0,0,0,0,0,0,0,0,"Iyerpadi_Akkamalai_11"
226,"Iyerpadi_Akkamalai",11,44,226,"Hol nig","Hol nig","Hol nig",180,0,0,0,0,0,0,0,0,0,0,0,0,0,0,0,"Iyerpadi_Akkamalai_11"
227,"Iyerpadi_Akkamalai",12,45,227,"Her pop","Her pap","Her pap",235,0,0,0,0,0,0,0,0,0,0,0,0,0,0,0,"Iyerpadi_Akkamalai_12"
228,"Iyerpadi_Akkamalai",12,45,228,"Lit gla","Lit ole","Lit nig",74,0,0,0,0,0,0,0,0,0,0,0,0,0,0,0,"Iyerpadi_Akkamalai_12"
229,"Iyerpadi_Akkamalai",12,45,229,"Cin mal","Cin mal","Cin mal",64,0,0,0,0,0,0,0,0,0,0,0,0,0,0,0,"Iyerpadi_Akkamalai_12"
230,"Iyerpadi_Akkamalai",12,45,230,"Lit sp","Lit sp.","Lit sp.",53,27,0,0,0,0,0,0,0,0,0,0,0,0,0,0,"Iyerpadi_Akkamalai_12"
231,"Iyerpadi_Akkamalai",12,46,231,"Hyd alp","Hyd alp","Hyd alp",70,0,0,0,0,0,0,0,0,0,0,0,0,0,0,0,"Iyerpadi_Akkamalai_12"
232,"Iyerpadi_Akkamalai",12,46,232,"Tur mal","Tur mal","Tur mal",155,0,0,0,0,0,0,0,0,0,0,0,0,0,0,0,"Iyerpadi_Akkamalai_12"
233,"Iyerpadi_Akkamalai",12,46,233,"Not rac","Not rac","Not rac",80,0,0,0,0,0,0,0,0,0,0,0,0,0,0,0,"Iyerpadi_Akkamalai_12"
234,"Iyerpadi_Akkamalai",12,46,234,"Syz den","Syz den","Syz den",255,0,0,0,0,0,0,0,0,0,0,0,0,0,0,0,"Iyerpadi_Akkamalai_12"
235,"Iyerpadi_Akkamalai",12,46,235,"Mes fer","Mes fer","Mes fer",155,0,0,0,0,0,0,0,0,0,0,0,0,0,0,0,"Iyerpadi_Akkamalai_12"
236,"Iyerpadi_Akkamalai",12,47,236,"Mae ind","Mae ind","Mae ind",31,0,0,0,0,0,0,0,0,0,0,0,0,0,0,0,"Iyerpadi_Akkamalai_12"
237,"Iyerpadi_Akkamalai",12,47,237,"Myr dac","Myr dac","Myr bed",100,0,0,0,0,0,0,0,0,0,0,0,0,0,0,0,"Iyerpadi_Akkamalai_12"
238,"Iyerpadi_Akkamalai",12,47,238,"Syz den","Syz den","Syz den",130,0,0,0,0,0,0,0,0,0,0,0,0,0,0,0,"Iyerpadi_Akkamalai_12"
239,"Iyerpadi_Akkamalai",12,47,239,"Mes fer","Mes fer","Mes fer",210,0,0,0,0,0,0,0,0,0,0,0,0,0,0,0,"Iyerpadi_Akkamalai_12"
240,"Iyerpadi_Akkamalai",12,47,240,"Cry bou","Cry wig","Cry wig",85,0,0,0,0,0,0,0,0,0,0,0,0,0,0,0,"Iyerpadi_Akkamalai_12"
241,"Iyerpadi_Akkamalai",12,48,241,"Art het","Art het","Art het",68,0,0,0,0,0,0,0,0,0,0,0,0,0,0,0,"Iyerpadi_Akkamalai_12"
242,"Iyerpadi_Akkamalai",12,48,242,"Art het","Art het","Art het",91,0,0,0,0,0,0,0,0,0,0,0,0,0,0,0,"Iyerpadi_Akkamalai_12"
243,"Iyerpadi_Akkamalai",12,48,243,"Art het","Art het","Art het",34,0,0,0,0,0,0,0,0,0,0,0,0,0,0,0,"Iyerpadi_Akkamalai_12"
244,"Iyerpadi_Akkamalai",12,48,244,"Hol nig","Hol nig","Hol nig",195,0,0,0,0,0,0,0,0,0,0,0,0,0,0,0,"Iyerpadi_Akkamalai_12"
245,"Iyerpadi_Akkamalai",12,48,245,"Syz den","Syz den","Syz den",200,0,0,0,0,0,0,0,0,0,0,0,0,0,0,0,"Iyerpadi_Akkamalai_12"
246,"Iyerpadi_Akkamalai",12,48,246,"Cry bou","Cry wig","Cry wig",65,20,0,0,0,0,0,0,0,0,0,0,0,0,0,0,"Iyerpadi_Akkamalai_12"
247,"Iyerpadi_Akkamalai",13,49,247,"Bhe ind","Bhe ind","Bhe ind",121,0,0,0,0,0,0,0,0,0,0,0,0,0,0,0,"Iyerpadi_Akkamalai_13"
248,"Iyerpadi_Akkamalai",13,49,248,"Dim lon","Dim lon","Dim lon",185,0,0,0,0,0,0,0,0,0,0,0,0,0,0,0,"Iyerpadi_Akkamalai_13"
249,"Iyerpadi_Akkamalai",13,49,249,"Hol nig","Hol nig","Hol nig",230,0,0,0,0,0,0,0,0,0,0,0,0,0,0,0,"Iyerpadi_Akkamalai_13"
250,"Iyerpadi_Akkamalai",13,49,250,"Cin sul","Cin sul","Cin sul",43,0,0,0,0,0,0,0,0,0,0,0,0,0,0,0,"Iyerpadi_Akkamalai_13"
251,"Iyerpadi_Akkamalai",13,49,251,"Aph pol","Aph pol","Aph pol",96,0,0,0,0,0,0,0,0,0,0,0,0,0,0,0,"Iyerpadi_Akkamalai_13"
252,"Iyerpadi_Akkamalai",13,50,252,"Gom cor","Gom cor","Gom cor",46,0,0,0,0,0,0,0,0,0,0,0,0,0,0,0,"Iyerpadi_Akkamalai_13"
253,"Iyerpadi_Akkamalai",13,50,253,"Mas arb","Mas arb","Mas arb",145,0,0,0,0,0,0,0,0,0,0,0,0,0,0,0,"Iyerpadi_Akkamalai_13"
254,"Iyerpadi_Akkamalai",13,50,254,"Ant men","Ant mon","Ant mon",93,0,0,0,0,0,0,0,0,0,0,0,0,0,0,0,"Iyerpadi_Akkamalai_13"
255,"Iyerpadi_Akkamalai",13,50,255,"Bhe ind","Bhe ind","Bhe ind",39,0,0,0,0,0,0,0,0,0,0,0,0,0,0,0,"Iyerpadi_Akkamalai_13"
256,"Iyerpadi_Akkamalai",13,50,256,"Gom cor","Gom cor","Gom cor",97,0,0,0,0,0,0,0,0,0,0,0,0,0,0,0,"Iyerpadi_Akkamalai_13"
257,"Iyerpadi_Akkamalai",13,51,257,"Dio nil","Dio nil","Dio nil",61,0,0,0,0,0,0,0,0,0,0,0,0,0,0,0,"Iyerpadi_Akkamalai_13"
258,"Iyerpadi_Akkamalai",13,51,258,"Gom cor","Gom cor","Gom cor",53,0,0,0,0,0,0,0,0,0,0,0,0,0,0,0,"Iyerpadi_Akkamalai_13"
259,"Iyerpadi_Akkamalai",13,51,259,"Cul exa","Cul exa","Cul exa",165,0,0,0,0,0,0,0,0,0,0,0,0,0,0,0,"Iyerpadi_Akkamalai_13"
260,"Iyerpadi_Akkamalai",13,51,260,"Cul exa","Cul exa","Cul exa",97,0,0,0,0,0,0,0,0,0,0,0,0,0,0,0,"Iyerpadi_Akkamalai_13"
261,"Iyerpadi_Akkamalai",13,51,261,"Gom cor","Gom cor","Gom cor",78,0,0,0,0,0,0,0,0,0,0,0,0,0,0,0,"Iyerpadi_Akkamalai_13"
262,"Iyerpadi_Akkamalai",13,51,262,"Ore int","Ore int","Ore int",40,0,0,0,0,0,0,0,0,0,0,0,0,0,0,0,"Iyerpadi_Akkamalai_13"
263,"Iyerpadi_Akkamalai",13,51,263,"Dio nil","Dio nil","Dio nil",71,0,0,0,0,0,0,0,0,0,0,0,0,0,0,0,"Iyerpadi_Akkamalai_13"
264,"Iyerpadi_Akkamalai",13,51,264,"Mas arb","Mas arb","Mas arb",97,0,0,0,0,0,0,0,0,0,0,0,0,0,0,0,"Iyerpadi_Akkamalai_13"
265,"Iyerpadi_Akkamalai",13,51,265,"Dio nil","Dio nil","Dio nil",78,0,0,0,0,0,0,0,0,0,0,0,0,0,0,0,"Iyerpadi_Akkamalai_13"
266,"Iyerpadi_Akkamalai",13,51,266,"Pal ell","Pal ell","Pal ell",290,0,0,0,0,0,0,0,0,0,0,0,0,0,0,0,"Iyerpadi_Akkamalai_13"
267,"Iyerpadi_Akkamalai",13,52,267,"Lit bou","Lit bou","Lit bou",46,0,0,0,0,0,0,0,0,0,0,0,0,0,0,0,"Iyerpadi_Akkamalai_13"
268,"Iyerpadi_Akkamalai",13,52,268,"Hol nig","Hol nig","Hol nig",33,0,0,0,0,0,0,0,0,0,0,0,0,0,0,0,"Iyerpadi_Akkamalai_13"
269,"Iyerpadi_Akkamalai",13,52,269,"Cul exa","Cul exa","Cul exa",145,0,0,0,0,0,0,0,0,0,0,0,0,0,0,0,"Iyerpadi_Akkamalai_13"
270,"Iyerpadi_Akkamalai",13,52,270,"Mac pel","Mac pel","Mac pel",145,0,0,0,0,0,0,0,0,0,0,0,0,0,0,0,"Iyerpadi_Akkamalai_13"
271,"Iyerpadi_Akkamalai",13,52,271,"Ore int","Ore int","Ore int",49,27,0,0,0,0,0,0,0,0,0,0,0,0,0,0,"Iyerpadi_Akkamalai_13"
272,"Iyerpadi_Akkamalai",13,52,272,"Hol nig","Hol nig","Hol nig",109,0,0,0,0,0,0,0,0,0,0,0,0,0,0,0,"Iyerpadi_Akkamalai_13"
273,"Iyerpadi_Akkamalai",13,52,273,"Gar mor","Gar mor","Gar mor",93,0,0,0,0,0,0,0,0,0,0,0,0,0,0,0,"Iyerpadi_Akkamalai_13"
274,"Iyerpadi_Akkamalai",13,52,274,"Bhe ind","Bhe ind","Bhe ind",160,0,0,0,0,0,0,0,0,0,0,0,0,0,0,0,"Iyerpadi_Akkamalai_13"
275,"Iyerpadi_Akkamalai",14,53,275,"Can str","Can str","Can str",70,0,0,0,0,0,0,0,0,0,0,0,0,0,0,0,"Iyerpadi_Akkamalai_14"
276,"Iyerpadi_Akkamalai",14,53,276,"Mas arb","Mas arb","Mas arb",160,0,0,0,0,0,0,0,0,0,0,0,0,0,0,0,"Iyerpadi_Akkamalai_14"
277,"Iyerpadi_Akkamalai",14,53,277,"Bhe ind","Bhe ind","Bhe ind",35,0,0,0,0,0,0,0,0,0,0,0,0,0,0,0,"Iyerpadi_Akkamalai_14"
278,"Iyerpadi_Akkamalai",14,54,278,"Dio nil","Dio nil","Dio nil",102,0,0,0,0,0,0,0,0,0,0,0,0,0,0,0,"Iyerpadi_Akkamalai_14"
279,"Iyerpadi_Akkamalai",14,54,279,"Dry ela","Dry ven","Dry wig",46,0,0,0,0,0,0,0,0,0,0,0,0,0,0,0,"Iyerpadi_Akkamalai_14"
280,"Iyerpadi_Akkamalai",14,54,280,"Cul exa","Cul exa","Cul exa",270,0,0,0,0,0,0,0,0,0,0,0,0,0,0,0,"Iyerpadi_Akkamalai_14"
281,"Iyerpadi_Akkamalai",14,54,281,"Lit bou","Lit bou","Lit bou",31,0,0,0,0,0,0,0,0,0,0,0,0,0,0,0,"Iyerpadi_Akkamalai_14"
282,"Iyerpadi_Akkamalai",14,54,282,"Myr dac","Myr dac","Myr bed",180,0,0,0,0,0,0,0,0,0,0,0,0,0,0,0,"Iyerpadi_Akkamalai_14"
283,"Iyerpadi_Akkamalai",14,54,283,"Dry ela","Dry ven","Dry wig",43,0,0,0,0,0,0,0,0,0,0,0,0,0,0,0,"Iyerpadi_Akkamalai_14"
284,"Iyerpadi_Akkamalai",14,55,284,"Art het","Art het","Art het",83,0,0,0,0,0,0,0,0,0,0,0,0,0,0,0,"Iyerpadi_Akkamalai_14"
285,"Iyerpadi_Akkamalai",14,55,285,"Pal ell","Pal ell","Pal ell",255,0,0,0,0,0,0,0,0,0,0,0,0,0,0,0,"Iyerpadi_Akkamalai_14"
286,"Iyerpadi_Akkamalai",14,55,286,"Pal ell","Pal ell","Pal ell",180,0,0,0,0,0,0,0,0,0,0,0,0,0,0,0,"Iyerpadi_Akkamalai_14"
287,"Iyerpadi_Akkamalai",14,55,287,"Gom cor","Gom cor","Gom cor",67,0,0,0,0,0,0,0,0,0,0,0,0,0,0,0,"Iyerpadi_Akkamalai_14"
288,"Iyerpadi_Akkamalai",14,55,288,"Myr dac","Myr dac","Myr bed",83,0,0,0,0,0,0,0,0,0,0,0,0,0,0,0,"Iyerpadi_Akkamalai_14"
289,"Iyerpadi_Akkamalai",14,55,289,"Mas arb","Mas arb","Mas arb",62,0,0,0,0,0,0,0,0,0,0,0,0,0,0,0,"Iyerpadi_Akkamalai_14"
290,"Iyerpadi_Akkamalai",14,55,290,"Dio nil","Dio nil","Dio nil",135,0,0,0,0,0,0,0,0,0,0,0,0,0,0,0,"Iyerpadi_Akkamalai_14"
291,"Iyerpadi_Akkamalai",14,55,291,"Bei wig","Bei wig","Bei wig",46,0,0,0,0,0,0,0,0,0,0,0,0,0,0,0,"Iyerpadi_Akkamalai_14"
292,"Iyerpadi_Akkamalai",14,55,292,"Gom cor","Gom cor","Gom cor",60,0,0,0,0,0,0,0,0,0,0,0,0,0,0,0,"Iyerpadi_Akkamalai_14"
293,"Iyerpadi_Akkamalai",14,55,293,"Pal ell","Pal ell","Pal ell",220,0,0,0,0,0,0,0,0,0,0,0,0,0,0,0,"Iyerpadi_Akkamalai_14"
294,"Iyerpadi_Akkamalai",14,56,294,"Myr dac","Myr dac","Myr bed",34,0,0,0,0,0,0,0,0,0,0,0,0,0,0,0,"Iyerpadi_Akkamalai_14"
295,"Iyerpadi_Akkamalai",14,56,295,"Mac pel","Mac pel","Mac pel",82,0,0,0,0,0,0,0,0,0,0,0,0,0,0,0,"Iyerpadi_Akkamalai_14"
296,"Iyerpadi_Akkamalai",14,56,296,"Cul exa","Cul exa","Cul exa",175,0,0,0,0,0,0,0,0,0,0,0,0,0,0,0,"Iyerpadi_Akkamalai_14"
297,"Iyerpadi_Akkamalai",14,56,297,"Dim lon","Dim lon","Dim lon",108,0,0,0,0,0,0,0,0,0,0,0,0,0,0,0,"Iyerpadi_Akkamalai_14"
298,"Iyerpadi_Akkamalai",14,56,298,"Mas arb","Mas arb","Mas arb",120,0,0,0,0,0,0,0,0,0,0,0,0,0,0,0,"Iyerpadi_Akkamalai_14"
299,"Iyerpadi_Akkamalai",15,57,299,"Dim lon","Dim lon","Dim lon",180,0,0,0,0,0,0,0,0,0,0,0,0,0,0,0,"Iyerpadi_Akkamalai_15"
300,"Iyerpadi_Akkamalai",15,57,300,"Pal ell","Pal ell","Pal ell",195,0,0,0,0,0,0,0,0,0,0,0,0,0,0,0,"Iyerpadi_Akkamalai_15"
301,"Iyerpadi_Akkamalai",15,57,301,"Pal ell","Pal ell","Pal ell",190,0,0,0,0,0,0,0,0,0,0,0,0,0,0,0,"Iyerpadi_Akkamalai_15"
302,"Iyerpadi_Akkamalai",15,57,302,"Dim lon","Dim lon","Dim lon",130,0,0,0,0,0,0,0,0,0,0,0,0,0,0,0,"Iyerpadi_Akkamalai_15"
303,"Iyerpadi_Akkamalai",15,57,303,"Pal ell","Pal ell","Pal ell",120,0,0,0,0,0,0,0,0,0,0,0,0,0,0,0,"Iyerpadi_Akkamalai_15"
304,"Iyerpadi_Akkamalai",15,57,304,"Mes fer","Mes fer","Mes fer",120,0,0,0,0,0,0,0,0,0,0,0,0,0,0,0,"Iyerpadi_Akkamalai_15"
305,"Iyerpadi_Akkamalai",15,57,305,"Dim lon","Dim lon","Dim lon",180,0,0,0,0,0,0,0,0,0,0,0,0,0,0,0,"Iyerpadi_Akkamalai_15"
306,"Iyerpadi_Akkamalai",15,58,306,"Myr dac","Myr dac","Myr bed",150,0,0,0,0,0,0,0,0,0,0,0,0,0,0,0,"Iyerpadi_Akkamalai_15"
307,"Iyerpadi_Akkamalai",15,58,307,"Cul exa","Cul exa","Cul exa",290,0,0,0,0,0,0,0,0,0,0,0,0,0,0,0,"Iyerpadi_Akkamalai_15"
308,"Iyerpadi_Akkamalai",15,58,308,"Pal ell","Pal ell","Pal ell",265,0,0,0,0,0,0,0,0,0,0,0,0,0,0,0,"Iyerpadi_Akkamalai_15"
309,"Iyerpadi_Akkamalai",15,59,309,"Pal ell","Pal ell","Pal ell",195,0,0,0,0,0,0,0,0,0,0,0,0,0,0,0,"Iyerpadi_Akkamalai_15"
310,"Iyerpadi_Akkamalai",15,60,310,"Pal ell","Pal ell","Pal ell",120,0,0,0,0,0,0,0,0,0,0,0,0,0,0,0,"Iyerpadi_Akkamalai_15"
311,"Iyerpadi_Akkamalai",15,60,311,"Myr dac","Myr dac","Myr bed",145,0,0,0,0,0,0,0,0,0,0,0,0,0,0,0,"Iyerpadi_Akkamalai_15"
312,"Iyerpadi_Akkamalai",15,60,312,"Per mac","Per mac","Per mac",360,0,0,0,0,0,0,0,0,0,0,0,0,0,0,0,"Iyerpadi_Akkamalai_15"
313,"Iyerpadi_Akkamalai",15,60,313,"Tri api","Dis api","Dis api",110,0,0,0,0,0,0,0,0,0,0,0,0,0,0,0,"Iyerpadi_Akkamalai_15"
314,"Iyerpadi_Akkamalai",16,61,314,"Dio nil","Dio nil","Dio nil",150,0,0,0,0,0,0,0,0,0,0,0,0,0,0,0,"Iyerpadi_Akkamalai_16"
315,"Iyerpadi_Akkamalai",16,61,315,"Dry ela","Dry ven","Dry wig",97,0,0,0,0,0,0,0,0,0,0,0,0,0,0,0,"Iyerpadi_Akkamalai_16"
316,"Iyerpadi_Akkamalai",16,62,316,"Pal ell","Pal ell","Pal ell",240,0,0,0,0,0,0,0,0,0,0,0,0,0,0,0,"Iyerpadi_Akkamalai_16"
317,"Iyerpadi_Akkamalai",16,62,317,"Hol nig","Hol nig","Hol nig",66,0,0,0,0,0,0,0,0,0,0,0,0,0,0,0,"Iyerpadi_Akkamalai_16"
318,"Iyerpadi_Akkamalai",16,62,318,"Dio ass","Dio ass","Dio ebe",165,0,0,0,0,0,0,0,0,0,0,0,0,0,0,0,"Iyerpadi_Akkamalai_16"
319,"Iyerpadi_Akkamalai",16,62,319,"Myr dac","Myr dac","Myr bed",145,0,0,0,0,0,0,0,0,0,0,0,0,0,0,0,"Iyerpadi_Akkamalai_16"
320,"Iyerpadi_Akkamalai",16,62,320,"Dim lon","Dim lon","Dim lon",195,0,0,0,0,0,0,0,0,0,0,0,0,0,0,0,"Iyerpadi_Akkamalai_16"
321,"Iyerpadi_Akkamalai",16,62,321,"Dio nil","Dio nil","Dio nil",93,0,0,0,0,0,0,0,0,0,0,0,0,0,0,0,"Iyerpadi_Akkamalai_16"
322,"Iyerpadi_Akkamalai",16,62,322,"Bhe ind","Bhe ind","Bhe ind",255,0,0,0,0,0,0,0,0,0,0,0,0,0,0,0,"Iyerpadi_Akkamalai_16"
323,"Iyerpadi_Akkamalai",16,63,323,"Myr dac","Myr dac","Myr bed",175,0,0,0,0,0,0,0,0,0,0,0,0,0,0,0,"Iyerpadi_Akkamalai_16"
324,"Iyerpadi_Akkamalai",16,63,324,"Gom cor","Gom cor","Gom cor",89,0,0,0,0,0,0,0,0,0,0,0,0,0,0,0,"Iyerpadi_Akkamalai_16"
325,"Iyerpadi_Akkamalai",16,63,325,"Cul exa","Cul exa","Cul exa",350,0,0,0,0,0,0,0,0,0,0,0,0,0,0,0,"Iyerpadi_Akkamalai_16"
326,"Iyerpadi_Akkamalai",16,63,326,"Dry ela","Dry ven","Dry wig",75,0,0,0,0,0,0,0,0,0,0,0,0,0,0,0,"Iyerpadi_Akkamalai_16"
327,"Iyerpadi_Akkamalai",16,64,327,"Pal ell","Pal ell","Pal ell",150,0,0,0,0,0,0,0,0,0,0,0,0,0,0,0,"Iyerpadi_Akkamalai_16"
328,"Iyerpadi_Akkamalai",16,64,328,"Pal ell","Pal ell","Pal ell",195,0,0,0,0,0,0,0,0,0,0,0,0,0,0,0,"Iyerpadi_Akkamalai_16"
329,"Iyerpadi_Akkamalai",17,65,329,"Mes fer","Mes fer","Mes fer",120,0,0,0,0,0,0,0,0,0,0,0,0,0,0,0,"Iyerpadi_Akkamalai_17"
330,"Iyerpadi_Akkamalai",17,65,330,"Pal ell","Pal ell","Pal ell",120,0,0,0,0,0,0,0,0,0,0,0,0,0,0,0,"Iyerpadi_Akkamalai_17"
331,"Iyerpadi_Akkamalai",17,65,331,"Cul exa","Cul exa","Cul exa",170,0,0,0,0,0,0,0,0,0,0,0,0,0,0,0,"Iyerpadi_Akkamalai_17"
332,"Iyerpadi_Akkamalai",17,65,332,"Pal ell","Pal ell","Pal ell",160,0,0,0,0,0,0,0,0,0,0,0,0,0,0,0,"Iyerpadi_Akkamalai_17"
333,"Iyerpadi_Akkamalai",17,65,333,"Ant men","Ant mon","Ant mon",45,0,0,0,0,0,0,0,0,0,0,0,0,0,0,0,"Iyerpadi_Akkamalai_17"
334,"Iyerpadi_Akkamalai",17,65,334,"Act ang","Act gul","Act gul",62,0,0,0,0,0,0,0,0,0,0,0,0,0,0,0,"Iyerpadi_Akkamalai_17"
335,"Iyerpadi_Akkamalai",17,65,335,"Gom cor","Gom cor","Gom cor",51,0,0,0,0,0,0,0,0,0,0,0,0,0,0,0,"Iyerpadi_Akkamalai_17"
336,"Iyerpadi_Akkamalai",17,66,336,"Pal ell","Pal ell","Pal ell",145,0,0,0,0,0,0,0,0,0,0,0,0,0,0,0,"Iyerpadi_Akkamalai_17"
337,"Iyerpadi_Akkamalai",17,66,337,"Bhe ind","Bhe ind","Bhe ind",74,0,0,0,0,0,0,0,0,0,0,0,0,0,0,0,"Iyerpadi_Akkamalai_17"
338,"Iyerpadi_Akkamalai",17,66,338,"Agr mee","Agr bor","Agr bor",65,0,0,0,0,0,0,0,0,0,0,0,0,0,0,0,"Iyerpadi_Akkamalai_17"
339,"Iyerpadi_Akkamalai",17,66,339,"Lit sp","Lit sp.","Lit sp.",56,0,0,0,0,0,0,0,0,0,0,0,0,0,0,0,"Iyerpadi_Akkamalai_17"
340,"Iyerpadi_Akkamalai",17,66,340,"Mes fer","Mes fer","Mes fer",120,0,0,0,0,0,0,0,0,0,0,0,0,0,0,0,"Iyerpadi_Akkamalai_17"
341,"Iyerpadi_Akkamalai",17,66,341,"Aph pol","Aph pol","Aph pol",62,0,0,0,0,0,0,0,0,0,0,0,0,0,0,0,"Iyerpadi_Akkamalai_17"
342,"Iyerpadi_Akkamalai",17,67,342,"Mas arb","Mas arb","Mas arb",135,0,0,0,0,0,0,0,0,0,0,0,0,0,0,0,"Iyerpadi_Akkamalai_17"
343,"Iyerpadi_Akkamalai",17,67,343,"Mas arb","Mas arb","Mas arb",140,0,0,0,0,0,0,0,0,0,0,0,0,0,0,0,"Iyerpadi_Akkamalai_17"
344,"Iyerpadi_Akkamalai",17,67,344,"Hol nig","Hol nig","Hol nig",53,0,0,0,0,0,0,0,0,0,0,0,0,0,0,0,"Iyerpadi_Akkamalai_17"
345,"Iyerpadi_Akkamalai",17,67,345,"Dio nil","Dio nil","Dio nil",110,0,0,0,0,0,0,0,0,0,0,0,0,0,0,0,"Iyerpadi_Akkamalai_17"
346,"Iyerpadi_Akkamalai",17,67,346,"Myr dac","Myr dac","Myr bed",70,0,0,0,0,0,0,0,0,0,0,0,0,0,0,0,"Iyerpadi_Akkamalai_17"
347,"Iyerpadi_Akkamalai",17,67,347,"Cul exa","Cul exa","Cul exa",245,0,0,0,0,0,0,0,0,0,0,0,0,0,0,0,"Iyerpadi_Akkamalai_17"
348,"Iyerpadi_Akkamalai",17,67,348,"Gom cor","Gom cor","Gom cor",90,0,0,0,0,0,0,0,0,0,0,0,0,0,0,0,"Iyerpadi_Akkamalai_17"
349,"Iyerpadi_Akkamalai",17,67,349,"Agr mee","Agr bor","Agr bor",98,0,0,0,0,0,0,0,0,0,0,0,0,0,0,0,"Iyerpadi_Akkamalai_17"
350,"Iyerpadi_Akkamalai",17,67,350,"Syz den","Syz den","Syz den",73,0,0,0,0,0,0,0,0,0,0,0,0,0,0,0,"Iyerpadi_Akkamalai_17"
351,"Iyerpadi_Akkamalai",17,68,351,"Ant men","Ant mon","Ant mon",42,0,0,0,0,0,0,0,0,0,0,0,0,0,0,0,"Iyerpadi_Akkamalai_17"
352,"Iyerpadi_Akkamalai",17,68,352,"Agr mee","Agr bor","Agr bor",85,0,0,0,0,0,0,0,0,0,0,0,0,0,0,0,"Iyerpadi_Akkamalai_17"
353,"Iyerpadi_Akkamalai",17,68,353,"Mas arb","Mas arb","Mas arb",102,0,0,0,0,0,0,0,0,0,0,0,0,0,0,0,"Iyerpadi_Akkamalai_17"
354,"Iyerpadi_Akkamalai",17,68,354,"Her pop","Her pap","Her pap",245,0,0,0,0,0,0,0,0,0,0,0,0,0,0,0,"Iyerpadi_Akkamalai_17"
355,"Iyerpadi_Akkamalai",18,69,355,"Cle vis","Cle inf","Cle inf",43,0,0,0,0,0,0,0,0,0,0,0,0,0,0,0,"Iyerpadi_Akkamalai_18"
356,"Iyerpadi_Akkamalai",18,69,356,"Mes fer","Mes fer","Mes fer",170,0,0,0,0,0,0,0,0,0,0,0,0,0,0,0,"Iyerpadi_Akkamalai_18"
357,"Iyerpadi_Akkamalai",18,69,357,"Ant men","Ant mon","Ant mon",40,10,0,0,0,0,0,0,0,0,0,0,0,0,0,0,"Iyerpadi_Akkamalai_18"
358,"Iyerpadi_Akkamalai",18,69,358,"Ore int","Ore int","Ore int",57,41,0,0,0,0,0,0,0,0,0,0,0,0,0,0,"Iyerpadi_Akkamalai_18"
359,"Iyerpadi_Akkamalai",18,70,359,"Hol nig","Hol nig","Hol nig",67,0,0,0,0,0,0,0,0,0,0,0,0,0,0,0,"Iyerpadi_Akkamalai_18"
360,"Iyerpadi_Akkamalai",18,70,360,"Ant men","Ant mon","Ant mon",60,0,0,0,0,0,0,0,0,0,0,0,0,0,0,0,"Iyerpadi_Akkamalai_18"
361,"Iyerpadi_Akkamalai",18,70,361,"Art het","Art het","Art het",61,0,0,0,0,0,0,0,0,0,0,0,0,0,0,0,"Iyerpadi_Akkamalai_18"
362,"Iyerpadi_Akkamalai",18,70,362,"Gom cor","Gom cor","Gom cor",35,0,0,0,0,0,0,0,0,0,0,0,0,0,0,0,"Iyerpadi_Akkamalai_18"
363,"Iyerpadi_Akkamalai",18,70,363,"Mes fer","Mes fer","Mes fer",130,0,0,0,0,0,0,0,0,0,0,0,0,0,0,0,"Iyerpadi_Akkamalai_18"
364,"Iyerpadi_Akkamalai",18,70,364,"Art het","Art het","Art het",86,0,0,0,0,0,0,0,0,0,0,0,0,0,0,0,"Iyerpadi_Akkamalai_18"
365,"Iyerpadi_Akkamalai",18,70,365,"Cry bou","Cry wig","Cry wig",72,0,0,0,0,0,0,0,0,0,0,0,0,0,0,0,"Iyerpadi_Akkamalai_18"
366,"Iyerpadi_Akkamalai",18,70,366,"Cry bou","Cry wig","Cry wig",50,0,0,0,0,0,0,0,0,0,0,0,0,0,0,0,"Iyerpadi_Akkamalai_18"
367,"Iyerpadi_Akkamalai",18,70,367,"Cal aus","Cal aus","Cal aus",79,0,0,0,0,0,0,0,0,0,0,0,0,0,0,0,"Iyerpadi_Akkamalai_18"
368,"Iyerpadi_Akkamalai",18,70,368,"Cry bou","Cry wig","Cry wig",59,0,0,0,0,0,0,0,0,0,0,0,0,0,0,0,"Iyerpadi_Akkamalai_18"
369,"Iyerpadi_Akkamalai",18,70,369,"Mas arb","Mas arb","Mas arb",52,0,0,0,0,0,0,0,0,0,0,0,0,0,0,0,"Iyerpadi_Akkamalai_18"
370,"Iyerpadi_Akkamalai",18,70,370,"Orm tra","Orm tra","Orm tra",130,0,0,0,0,0,0,0,0,0,0,0,0,0,0,0,"Iyerpadi_Akkamalai_18"
371,"Iyerpadi_Akkamalai",18,71,371,"Pod wal","Nag wal","Nag wal",101,0,0,0,0,0,0,0,0,0,0,0,0,0,0,0,"Iyerpadi_Akkamalai_18"
372,"Iyerpadi_Akkamalai",18,71,372,"Syz den","Syz den","Syz den",107,0,0,0,0,0,0,0,0,0,0,0,0,0,0,0,"Iyerpadi_Akkamalai_18"
373,"Iyerpadi_Akkamalai",18,71,373,"Acr ped","Acr ped","Acr ped",38,0,0,0,0,0,0,0,0,0,0,0,0,0,0,0,"Iyerpadi_Akkamalai_18"
374,"Iyerpadi_Akkamalai",18,71,374,"Syz den","Syz den","Syz den",133,0,0,0,0,0,0,0,0,0,0,0,0,0,0,0,"Iyerpadi_Akkamalai_18"
375,"Iyerpadi_Akkamalai",18,72,375,"Cal aus","Cal aus","Cal aus",260,0,0,0,0,0,0,0,0,0,0,0,0,0,0,0,"Iyerpadi_Akkamalai_18"
376,"Iyerpadi_Akkamalai",18,72,376,"Dio ass","Dio ass","Dio ebe",37,0,0,0,0,0,0,0,0,0,0,0,0,0,0,0,"Iyerpadi_Akkamalai_18"
377,"Iyerpadi_Akkamalai",18,72,377,"Mas arb","Mas arb","Mas arb",162,0,0,0,0,0,0,0,0,0,0,0,0,0,0,0,"Iyerpadi_Akkamalai_18"
378,"Iyerpadi_Akkamalai",18,72,378,"Bhe ind","Bhe ind","Bhe ind",150,0,0,0,0,0,0,0,0,0,0,0,0,0,0,0,"Iyerpadi_Akkamalai_18"
379,"Iyerpadi_Akkamalai",18,72,379,"Hol nig","Hol nig","Hol nig",215,0,0,0,0,0,0,0,0,0,0,0,0,0,0,0,"Iyerpadi_Akkamalai_18"
380,"Iyerpadi_Akkamalai",18,72,380,"Dio ass","Dio ass","Dio ebe",103,0,0,0,0,0,0,0,0,0,0,0,0,0,0,0,"Iyerpadi_Akkamalai_18"
381,"Iyerpadi_Akkamalai",19,73,381,"Bhe ind","Bhe ind","Bhe ind",142,0,0,0,0,0,0,0,0,0,0,0,0,0,0,0,"Iyerpadi_Akkamalai_19"
382,"Iyerpadi_Akkamalai",19,73,382,"Ant men","Ant mon","Ant mon",37,20,0,0,0,0,0,0,0,0,0,0,0,0,0,0,"Iyerpadi_Akkamalai_19"
383,"Iyerpadi_Akkamalai",19,73,383,"Lit gla","Lit ole","Lit nig",50,0,0,0,0,0,0,0,0,0,0,0,0,0,0,0,"Iyerpadi_Akkamalai_19"
384,"Iyerpadi_Akkamalai",19,73,384,"Lit bou","Lit bou","Lit bou",36,0,0,0,0,0,0,0,0,0,0,0,0,0,0,0,"Iyerpadi_Akkamalai_19"
385,"Iyerpadi_Akkamalai",19,73,385,"Mes fer","Mes fer","Mes fer",165,0,0,0,0,0,0,0,0,0,0,0,0,0,0,0,"Iyerpadi_Akkamalai_19"
386,"Iyerpadi_Akkamalai",19,73,386,"Syz den","Syz den","Syz den",123,0,0,0,0,0,0,0,0,0,0,0,0,0,0,0,"Iyerpadi_Akkamalai_19"
387,"Iyerpadi_Akkamalai",19,74,387,"Lit gla","Lit ole","Lit nig",32,0,0,0,0,0,0,0,0,0,0,0,0,0,0,0,"Iyerpadi_Akkamalai_19"
388,"Iyerpadi_Akkamalai",19,74,388,"Dio ass","Dio ass","Dio ebe",135,0,0,0,0,0,0,0,0,0,0,0,0,0,0,0,"Iyerpadi_Akkamalai_19"
389,"Iyerpadi_Akkamalai",19,74,389,"Cin sul","Cin sul","Cin sul",39,0,0,0,0,0,0,0,0,0,0,0,0,0,0,0,"Iyerpadi_Akkamalai_19"
390,"Iyerpadi_Akkamalai",19,74,390,"Sco cre","Sco cre","Sco cre",95,0,0,0,0,0,0,0,0,0,0,0,0,0,0,0,"Iyerpadi_Akkamalai_19"
391,"Iyerpadi_Akkamalai",19,74,391,"Ele tub","Ela tub","Ela tub",250,0,0,0,0,0,0,0,0,0,0,0,0,0,0,0,"Iyerpadi_Akkamalai_19"
392,"Iyerpadi_Akkamalai",19,75,392,"Syz den","Syz den","Syz den",93,0,0,0,0,0,0,0,0,0,0,0,0,0,0,0,"Iyerpadi_Akkamalai_19"
393,"Iyerpadi_Akkamalai",19,75,393,"Pse ana","Pse ana","Phy ana",37,0,0,0,0,0,0,0,0,0,0,0,0,0,0,0,"Iyerpadi_Akkamalai_19"
394,"Iyerpadi_Akkamalai",19,75,394,"Syz den","Syz den","Syz den",59,0,0,0,0,0,0,0,0,0,0,0,0,0,0,0,"Iyerpadi_Akkamalai_19"
395,"Iyerpadi_Akkamalai",19,75,395,"Cry bou","Cry wig","Cry wig",34,0,0,0,0,0,0,0,0,0,0,0,0,0,0,0,"Iyerpadi_Akkamalai_19"
396,"Iyerpadi_Akkamalai",19,75,396,"Hol nig","Hol nig","Hol nig",31,0,0,0,0,0,0,0,0,0,0,0,0,0,0,0,"Iyerpadi_Akkamalai_19"
397,"Iyerpadi_Akkamalai",19,75,397,"Ant men","Ant mon","Ant mon",85,0,0,0,0,0,0,0,0,0,0,0,0,0,0,0,"Iyerpadi_Akkamalai_19"
398,"Iyerpadi_Akkamalai",19,75,398,"Syz den","Syz den","Syz den",91,0,0,0,0,0,0,0,0,0,0,0,0,0,0,0,"Iyerpadi_Akkamalai_19"
399,"Iyerpadi_Akkamalai",19,76,399,"Hol nig","Hol nig","Hol nig",142,0,0,0,0,0,0,0,0,0,0,0,0,0,0,0,"Iyerpadi_Akkamalai_19"
400,"Iyerpadi_Akkamalai",19,76,400,"Pse ana","Pse ana","Phy ana",49,0,0,0,0,0,0,0,0,0,0,0,0,0,0,0,"Iyerpadi_Akkamalai_19"
401,"Iyerpadi_Akkamalai",19,76,401,"Mas arb","Mas arb","Mas arb",78,0,0,0,0,0,0,0,0,0,0,0,0,0,0,0,"Iyerpadi_Akkamalai_19"
402,"Iyerpadi_Akkamalai",19,76,402,"Lit gla","Lit ole","Lit nig",60,0,0,0,0,0,0,0,0,0,0,0,0,0,0,0,"Iyerpadi_Akkamalai_19"
403,"Iyerpadi_Akkamalai",20,77,403,"Lep dec","Lep def","Lep def",40,0,0,0,0,0,0,0,0,0,0,0,0,0,0,0,"Iyerpadi_Akkamalai_20"
404,"Iyerpadi_Akkamalai",20,77,404,"Tur mal","Tur mal","Tur mal",165,0,0,0,0,0,0,0,0,0,0,0,0,0,0,0,"Iyerpadi_Akkamalai_20"
405,"Iyerpadi_Akkamalai",20,77,405,"Fic bed","Fic bed","Fic bed",35,0,0,0,0,0,0,0,0,0,0,0,0,0,0,0,"Iyerpadi_Akkamalai_20"
406,"Iyerpadi_Akkamalai",20,77,406,"Myr dac","Myr dac","Myr bed",303,0,0,0,0,0,0,0,0,0,0,0,0,0,0,0,"Iyerpadi_Akkamalai_20"
407,"Iyerpadi_Akkamalai",20,77,407,"Gom cor","Gom cor","Gom cor",41,0,0,0,0,0,0,0,0,0,0,0,0,0,0,0,"Iyerpadi_Akkamalai_20"
408,"Iyerpadi_Akkamalai",20,77,408,"Pse ana","Pse ana","Phy ana",33,0,0,0,0,0,0,0,0,0,0,0,0,0,0,0,"Iyerpadi_Akkamalai_20"
409,"Iyerpadi_Akkamalai",20,77,409,"Ant men","Ant mon","Ant mon",108,0,0,0,0,0,0,0,0,0,0,0,0,0,0,0,"Iyerpadi_Akkamalai_20"
410,"Iyerpadi_Akkamalai",20,77,410,"Agr ind","Agr ind","Agr ind",97,0,0,0,0,0,0,0,0,0,0,0,0,0,0,0,"Iyerpadi_Akkamalai_20"
411,"Iyerpadi_Akkamalai",20,78,411,"Ore int","Ore int","Ore int",39,0,0,0,0,0,0,0,0,0,0,0,0,0,0,0,"Iyerpadi_Akkamalai_20"
412,"Iyerpadi_Akkamalai",20,78,412,"Mal tet","Mal tet","Mal tet",78,0,0,0,0,0,0,0,0,0,0,0,0,0,0,0,"Iyerpadi_Akkamalai_20"
413,"Iyerpadi_Akkamalai",20,78,413,"Ant men","Ant mon","Ant mon",30,0,0,0,0,0,0,0,0,0,0,0,0,0,0,0,"Iyerpadi_Akkamalai_20"
414,"Iyerpadi_Akkamalai",20,78,414,"Not rac","Not rac","Not rac",36,0,0,0,0,0,0,0,0,0,0,0,0,0,0,0,"Iyerpadi_Akkamalai_20"
415,"Iyerpadi_Akkamalai",20,78,415,"Gom cor","Gom cor","Gom cor",49,0,0,0,0,0,0,0,0,0,0,0,0,0,0,0,"Iyerpadi_Akkamalai_20"
416,"Iyerpadi_Akkamalai",20,78,416,"Agl sim","Agl sim","Agl sim",32,0,0,0,0,0,0,0,0,0,0,0,0,0,0,0,"Iyerpadi_Akkamalai_20"
417,"Iyerpadi_Akkamalai",20,79,417,"Syz den","Syz den","Syz den",32,0,0,0,0,0,0,0,0,0,0,0,0,0,0,0,"Iyerpadi_Akkamalai_20"
418,"Iyerpadi_Akkamalai",20,80,418,"Hol nig","Hol nig","Hol nig",110,0,0,0,0,0,0,0,0,0,0,0,0,0,0,0,"Iyerpadi_Akkamalai_20"
419,"Iyerpadi_Akkamalai",20,80,419,"Ore int","Ore int","Ore int",80,43,23,14,0,0,0,0,0,0,0,0,0,0,0,0,"Iyerpadi_Akkamalai_20"
420,"Iyerpadi_Akkamalai",20,80,420,"Myr dac","Myr dac","Myr bed",195,0,0,0,0,0,0,0,0,0,0,0,0,0,0,0,"Iyerpadi_Akkamalai_20"
421,"Iyerpadi_Akkamalai",20,80,421,"Ant men","Ant mon","Ant mon",45,0,0,0,0,0,0,0,0,0,0,0,0,0,0,0,"Iyerpadi_Akkamalai_20"
422,"Iyerpadi_Akkamalai",20,80,422,"Cul exa","Cul exa","Cul exa",235,0,0,0,0,0,0,0,0,0,0,0,0,0,0,0,"Iyerpadi_Akkamalai_20"
423,"Iyerpadi_Akkamalai",20,80,423,"Ant men","Ant mon","Ant mon",30,0,0,0,0,0,0,0,0,0,0,0,0,0,0,0,"Iyerpadi_Akkamalai_20"
424,"Iyerpadi_Akkamalai",20,80,424,"Hyd alp","Hyd alp","Hyd alp",53,0,0,0,0,0,0,0,0,0,0,0,0,0,0,0,"Iyerpadi_Akkamalai_20"
425,"Iyerpadi_Akkamalai",21,81,425,"Cro lac","Cro lac","Cro lac",103,47,0,0,0,0,0,0,0,0,0,0,0,0,0,0,"Iyerpadi_Akkamalai_21"
426,"Iyerpadi_Akkamalai",21,81,426,"Mac pel","Mac pel","Mac pel",41,0,0,0,0,0,0,0,0,0,0,0,0,0,0,0,"Iyerpadi_Akkamalai_21"
427,"Iyerpadi_Akkamalai",21,81,427,"Ant men","Ant mon","Ant mon",61,0,0,0,0,0,0,0,0,0,0,0,0,0,0,0,"Iyerpadi_Akkamalai_21"
428,"Iyerpadi_Akkamalai",21,81,428,"Syz den","Syz den","Syz den",34,0,0,0,0,0,0,0,0,0,0,0,0,0,0,0,"Iyerpadi_Akkamalai_21"
429,"Iyerpadi_Akkamalai",21,81,429,"Dio ass","Dio ass","Dio ebe",76,53,0,0,0,0,0,0,0,0,0,0,0,0,0,0,"Iyerpadi_Akkamalai_21"
430,"Iyerpadi_Akkamalai",21,81,430,"Ore int","Ore int","Ore int",44,28,0,0,0,0,0,0,0,0,0,0,0,0,0,0,"Iyerpadi_Akkamalai_21"
431,"Iyerpadi_Akkamalai",21,81,431,"Ele tub","Ela tub","Ela tub",126,53,41,0,0,0,0,0,0,0,0,0,0,0,0,0,"Iyerpadi_Akkamalai_21"
432,"Iyerpadi_Akkamalai",21,81,432,"Ant men","Ant mon","Ant mon",41,0,0,0,0,0,0,0,0,0,0,0,0,0,0,0,"Iyerpadi_Akkamalai_21"
433,"Iyerpadi_Akkamalai",21,82,433,"Fic ner","Fic ner","Fic ner",56,0,0,0,0,0,0,0,0,0,0,0,0,0,0,0,"Iyerpadi_Akkamalai_21"
434,"Iyerpadi_Akkamalai",21,82,434,"Cry bou","Cry wig","Cry wig",84,0,0,0,0,0,0,0,0,0,0,0,0,0,0,0,"Iyerpadi_Akkamalai_21"
435,"Iyerpadi_Akkamalai",21,82,435,"Cle vis","Cle inf","Cle inf",40,0,0,0,0,0,0,0,0,0,0,0,0,0,0,0,"Iyerpadi_Akkamalai_21"
436,"Iyerpadi_Akkamalai",21,82,436,"Ant men","Ant mon","Ant mon",37,0,0,0,0,0,0,0,0,0,0,0,0,0,0,0,"Iyerpadi_Akkamalai_21"
437,"Iyerpadi_Akkamalai",21,82,437,"Ard rha","Ard rho","Ard rho",41,0,0,0,0,0,0,0,0,0,0,0,0,0,0,0,"Iyerpadi_Akkamalai_21"
438,"Iyerpadi_Akkamalai",21,82,438,"Per mac","Per mac","Per mac",285,0,0,0,0,0,0,0,0,0,0,0,0,0,0,0,"Iyerpadi_Akkamalai_21"
439,"Iyerpadi_Akkamalai",21,83,439,"Syz den","Syz den","Syz den",350,0,0,0,0,0,0,0,0,0,0,0,0,0,0,0,"Iyerpadi_Akkamalai_21"
440,"Iyerpadi_Akkamalai",21,83,440,"Gar tal","Gar tal","Gar tal",103,0,0,0,0,0,0,0,0,0,0,0,0,0,0,0,"Iyerpadi_Akkamalai_21"
441,"Iyerpadi_Akkamalai",21,83,441,"Gom cor","Gom cor","Gom cor",76,0,0,0,0,0,0,0,0,0,0,0,0,0,0,0,"Iyerpadi_Akkamalai_21"
442,"Iyerpadi_Akkamalai",21,84,442,"Tri api","Dis api","Dis api",172,0,0,0,0,0,0,0,0,0,0,0,0,0,0,0,"Iyerpadi_Akkamalai_21"
443,"Iyerpadi_Akkamalai",21,84,443,"Gom cor","Gom cor","Gom cor",32,0,0,0,0,0,0,0,0,0,0,0,0,0,0,0,"Iyerpadi_Akkamalai_21"
444,"Iyerpadi_Akkamalai",21,84,444,"Cul exa","Cul exa","Cul exa",300,0,0,0,0,0,0,0,0,0,0,0,0,0,0,0,"Iyerpadi_Akkamalai_21"
445,"Iyerpadi_Akkamalai",21,84,445,"Myr dac","Myr dac","Myr bed",111,0,0,0,0,0,0,0,0,0,0,0,0,0,0,0,"Iyerpadi_Akkamalai_21"
446,"Iyerpadi_Akkamalai",21,84,446,"Dio ass","Dio ass","Dio ebe",53,0,0,0,0,0,0,0,0,0,0,0,0,0,0,0,"Iyerpadi_Akkamalai_21"
447,"Iyerpadi_Akkamalai",21,84,447,"Art het","Art het","Art het",40,0,0,0,0,0,0,0,0,0,0,0,0,0,0,0,"Iyerpadi_Akkamalai_21"
448,"Iyerpadi_Akkamalai",21,84,448,"Dio ass","Dio ass","Dio ebe",98,0,0,0,0,0,0,0,0,0,0,0,0,0,0,0,"Iyerpadi_Akkamalai_21"
449,"Iyerpadi_Akkamalai",21,84,449,"Bhe ind","Bhe ind","Bhe ind",52,0,0,0,0,0,0,0,0,0,0,0,0,0,0,0,"Iyerpadi_Akkamalai_21"
450,"Iyerpadi_Akkamalai",21,84,450,"Syz car","Syz car","Syz car",49,0,0,0,0,0,0,0,0,0,0,0,0,0,0,0,"Iyerpadi_Akkamalai_21"
451,"Iyerpadi_Akkamalai",21,84,451,"Bhe ind","Bhe ind","Bhe ind",125,0,0,0,0,0,0,0,0,0,0,0,0,0,0,0,"Iyerpadi_Akkamalai_21"
452,"Iyerpadi_Akkamalai",21,84,452,"Bhe ind","Bhe ind","Bhe ind",100,0,0,0,0,0,0,0,0,0,0,0,0,0,0,0,"Iyerpadi_Akkamalai_21"
453,"Iyerpadi_Akkamalai",21,84,453,"Gom cor","Gom cor","Gom cor",93,0,0,0,0,0,0,0,0,0,0,0,0,0,0,0,"Iyerpadi_Akkamalai_21"
454,"Iyerpadi_Akkamalai",21,84,454,"Ant men","Ant mon","Ant mon",138,0,0,0,0,0,0,0,0,0,0,0,0,0,0,0,"Iyerpadi_Akkamalai_21"
455,"Iyerpadi_Akkamalai",21,84,455,"Mas arb","Mas arb","Mas arb",180,0,0,0,0,0,0,0,0,0,0,0,0,0,0,0,"Iyerpadi_Akkamalai_21"
456,"Iyerpadi_Akkamalai",21,84,456,"Dio ass","Dio ass","Dio ebe",141,0,0,0,0,0,0,0,0,0,0,0,0,0,0,0,"Iyerpadi_Akkamalai_21"
457,"Iyerpadi_Akkamalai",22,85,457,"Syz den","Syz den","Syz den",65,0,0,0,0,0,0,0,0,0,0,0,0,0,0,0,"Iyerpadi_Akkamalai_22"
458,"Iyerpadi_Akkamalai",22,85,458,"Ore int","Ore int","Ore int",36,0,0,0,0,0,0,0,0,0,0,0,0,0,0,0,"Iyerpadi_Akkamalai_22"
459,"Iyerpadi_Akkamalai",22,86,459,"Art het","Art het","Art het",108,0,0,0,0,0,0,0,0,0,0,0,0,0,0,0,"Iyerpadi_Akkamalai_22"
460,"Iyerpadi_Akkamalai",22,86,460,"Lit gla","Lit ole","Lit nig",64,0,0,0,0,0,0,0,0,0,0,0,0,0,0,0,"Iyerpadi_Akkamalai_22"
461,"Iyerpadi_Akkamalai",22,86,461,"Sco cre","Sco cre","Sco cre",205,0,0,0,0,0,0,0,0,0,0,0,0,0,0,0,"Iyerpadi_Akkamalai_22"
462,"Iyerpadi_Akkamalai",22,87,462,"Dio ass","Dio ass","Dio ebe",32,0,0,0,0,0,0,0,0,0,0,0,0,0,0,0,"Iyerpadi_Akkamalai_22"
463,"Iyerpadi_Akkamalai",22,87,463,"Hol nig","Hol nig","Hol nig",104,0,0,0,0,0,0,0,0,0,0,0,0,0,0,0,"Iyerpadi_Akkamalai_22"
464,"Iyerpadi_Akkamalai",22,87,464,"Ele tub","Ela tub","Ela tub",126,0,0,0,0,0,0,0,0,0,0,0,0,0,0,0,"Iyerpadi_Akkamalai_22"
465,"Iyerpadi_Akkamalai",22,87,465,"Can dic","Can dic","Psy dic",112,0,0,0,0,0,0,0,0,0,0,0,0,0,0,0,"Iyerpadi_Akkamalai_22"
466,"Iyerpadi_Akkamalai",22,87,466,"Gom cor","Gom cor","Gom cor",64,0,0,0,0,0,0,0,0,0,0,0,0,0,0,0,"Iyerpadi_Akkamalai_22"
467,"Iyerpadi_Akkamalai",22,87,467,"Can dic","Can dic","Psy dic",132,0,0,0,0,0,0,0,0,0,0,0,0,0,0,0,"Iyerpadi_Akkamalai_22"
468,"Iyerpadi_Akkamalai",22,87,468,"Fic tal","Fic tal","Fic tal",180,87,0,0,0,0,0,0,0,0,0,0,0,0,0,0,"Iyerpadi_Akkamalai_22"
469,"Iyerpadi_Akkamalai",22,88,469,"Not rac","Not rac","Not rac",61,0,0,0,0,0,0,0,0,0,0,0,0,0,0,0,"Iyerpadi_Akkamalai_22"
470,"Iyerpadi_Akkamalai",22,88,470,"Cry bou","Cry wig","Cry wig",57,0,0,0,0,0,0,0,0,0,0,0,0,0,0,0,"Iyerpadi_Akkamalai_22"
471,"Iyerpadi_Akkamalai",22,88,471,"Ore int","Ore int","Ore int",32,0,0,0,0,0,0,0,0,0,0,0,0,0,0,0,"Iyerpadi_Akkamalai_22"
472,"Iyerpadi_Akkamalai",22,88,472,"Lep dec","Lep def","Lep def",42,0,0,0,0,0,0,0,0,0,0,0,0,0,0,0,"Iyerpadi_Akkamalai_22"
473,"Iyerpadi_Akkamalai",22,88,473,"Cry bou","Cry wig","Cry wig",123,33,18,0,0,0,0,0,0,0,0,0,0,0,0,0,"Iyerpadi_Akkamalai_22"
474,"Iyerpadi_Akkamalai",22,88,474,"Gar tal","Gar tal","Gar tal",50,0,0,0,0,0,0,0,0,0,0,0,0,0,0,0,"Iyerpadi_Akkamalai_22"
475,"Iyerpadi_Akkamalai",23,89,475,"Mas arb","Mas arb","Mas arb",90,0,0,0,0,0,0,0,0,0,0,0,0,0,0,0,"Iyerpadi_Akkamalai_23"
476,"Iyerpadi_Akkamalai",23,89,476,"Tur mal","Tur mal","Tur mal",30,0,0,0,0,0,0,0,0,0,0,0,0,0,0,0,"Iyerpadi_Akkamalai_23"
477,"Iyerpadi_Akkamalai",23,89,477,"Pse ana","Pse ana","Phy ana",39,0,0,0,0,0,0,0,0,0,0,0,0,0,0,0,"Iyerpadi_Akkamalai_23"
478,"Iyerpadi_Akkamalai",23,89,478,"Hol nig","Hol nig","Hol nig",37,0,0,0,0,0,0,0,0,0,0,0,0,0,0,0,"Iyerpadi_Akkamalai_23"
479,"Iyerpadi_Akkamalai",23,89,479,"Cas rub","Cas rub","Cas rub",71,0,0,0,0,0,0,0,0,0,0,0,0,0,0,0,"Iyerpadi_Akkamalai_23"
480,"Iyerpadi_Akkamalai",23,89,480,"Mes fer","Mes fer","Mes fer",155,0,0,0,0,0,0,0,0,0,0,0,0,0,0,0,"Iyerpadi_Akkamalai_23"
481,"Iyerpadi_Akkamalai",23,89,481,"Mei pan","Mei pan","Mei pan",36,0,0,0,0,0,0,0,0,0,0,0,0,0,0,0,"Iyerpadi_Akkamalai_23"
482,"Iyerpadi_Akkamalai",23,89,482,"Glo ell","Glo ell","Glo ell",105,0,0,0,0,0,0,0,0,0,0,0,0,0,0,0,"Iyerpadi_Akkamalai_23"
483,"Iyerpadi_Akkamalai",23,90,483,"Mei pan","Mei pan","Mei pan",31,0,0,0,0,0,0,0,0,0,0,0,0,0,0,0,"Iyerpadi_Akkamalai_23"
484,"Iyerpadi_Akkamalai",23,90,484,"Syz den","Syz den","Syz den",66,0,0,0,0,0,0,0,0,0,0,0,0,0,0,0,"Iyerpadi_Akkamalai_23"
485,"Iyerpadi_Akkamalai",23,90,485,"Pse ana","Pse ana","Phy ana",56,0,0,0,0,0,0,0,0,0,0,0,0,0,0,0,"Iyerpadi_Akkamalai_23"
486,"Iyerpadi_Akkamalai",23,90,486,"Not rac","Not rac","Not rac",31,0,0,0,0,0,0,0,0,0,0,0,0,0,0,0,"Iyerpadi_Akkamalai_23"
487,"Iyerpadi_Akkamalai",23,90,487,"Glo ell","Glo ell","Glo ell",105,0,0,0,0,0,0,0,0,0,0,0,0,0,0,0,"Iyerpadi_Akkamalai_23"
488,"Iyerpadi_Akkamalai",23,90,488,"Sco cre","Sco cre","Sco cre",50,0,0,0,0,0,0,0,0,0,0,0,0,0,0,0,"Iyerpadi_Akkamalai_23"
489,"Iyerpadi_Akkamalai",23,90,489,"Pse ana","Pse ana","Phy ana",43,0,0,0,0,0,0,0,0,0,0,0,0,0,0,0,"Iyerpadi_Akkamalai_23"
490,"Iyerpadi_Akkamalai",23,90,490,"Dry ela","Dry ven","Dry wig",37,0,0,0,0,0,0,0,0,0,0,0,0,0,0,0,"Iyerpadi_Akkamalai_23"
491,"Iyerpadi_Akkamalai",23,90,491,"Can dic","Can dic","Psy dic",83,0,0,0,0,0,0,0,0,0,0,0,0,0,0,0,"Iyerpadi_Akkamalai_23"
492,"Iyerpadi_Akkamalai",23,91,492,"Cry bou","Cry wig","Cry wig",73,0,0,0,0,0,0,0,0,0,0,0,0,0,0,0,"Iyerpadi_Akkamalai_23"
493,"Iyerpadi_Akkamalai",23,91,493,"Orm tra","Orm tra","Orm tra",135,0,0,0,0,0,0,0,0,0,0,0,0,0,0,0,"Iyerpadi_Akkamalai_23"
494,"Iyerpadi_Akkamalai",23,91,494,"Syz den","Syz den","Syz den",110,0,0,0,0,0,0,0,0,0,0,0,0,0,0,0,"Iyerpadi_Akkamalai_23"
495,"Iyerpadi_Akkamalai",23,91,495,"Dry ela","Dry ven","Dry wig",30,0,0,0,0,0,0,0,0,0,0,0,0,0,0,0,"Iyerpadi_Akkamalai_23"
496,"Iyerpadi_Akkamalai",23,91,496,"Mes fer","Mes fer","Mes fer",170,0,0,0,0,0,0,0,0,0,0,0,0,0,0,0,"Iyerpadi_Akkamalai_23"
497,"Iyerpadi_Akkamalai",23,91,497,"Lep dec","Lep def","Lep def",35,0,0,0,0,0,0,0,0,0,0,0,0,0,0,0,"Iyerpadi_Akkamalai_23"
498,"Iyerpadi_Akkamalai",23,91,498,"Syz lae","Syz lae","Syz lae",36,0,0,0,0,0,0,0,0,0,0,0,0,0,0,0,"Iyerpadi_Akkamalai_23"
499,"Iyerpadi_Akkamalai",23,91,499,"Syz lae","Syz lae","Syz lae",38,0,0,0,0,0,0,0,0,0,0,0,0,0,0,0,"Iyerpadi_Akkamalai_23"
500,"Iyerpadi_Akkamalai",23,91,500,"Ele tub","Ela tub","Ela tub",400,0,0,0,0,0,0,0,0,0,0,0,0,0,0,0,"Iyerpadi_Akkamalai_23"
501,"Iyerpadi_Akkamalai",23,91,501,"Orm tra","Orm tra","Orm tra",90,0,0,0,0,0,0,0,0,0,0,0,0,0,0,0,"Iyerpadi_Akkamalai_23"
502,"Iyerpadi_Akkamalai",23,91,502,"Dio nil","Dio nil","Dio nil",115,0,0,0,0,0,0,0,0,0,0,0,0,0,0,0,"Iyerpadi_Akkamalai_23"
503,"Iyerpadi_Akkamalai",23,91,503,"Cry bou","Cry wig","Cry wig",70,0,0,0,0,0,0,0,0,0,0,0,0,0,0,0,"Iyerpadi_Akkamalai_23"
504,"Iyerpadi_Akkamalai",23,92,504,"Can dic","Can dic","Psy dic",61,0,0,0,0,0,0,0,0,0,0,0,0,0,0,0,"Iyerpadi_Akkamalai_23"
505,"Iyerpadi_Akkamalai",23,92,505,"Pse ana","Pse ana","Phy ana",33,32,0,0,0,0,0,0,0,0,0,0,0,0,0,0,"Iyerpadi_Akkamalai_23"
506,"Iyerpadi_Akkamalai",23,92,506,"Mac pel","Mac pel","Mac pel",84,0,0,0,0,0,0,0,0,0,0,0,0,0,0,0,"Iyerpadi_Akkamalai_23"
507,"Iyerpadi_Akkamalai",23,92,507,"Gom cor","Gom cor","Gom cor",56,0,0,0,0,0,0,0,0,0,0,0,0,0,0,0,"Iyerpadi_Akkamalai_23"
508,"Iyerpadi_Akkamalai",24,93,508,"Syz den","Syz den","Syz den",155,0,0,0,0,0,0,0,0,0,0,0,0,0,0,0,"Iyerpadi_Akkamalai_24"
509,"Iyerpadi_Akkamalai",24,93,509,"Syz den","Syz den","Syz den",56,0,0,0,0,0,0,0,0,0,0,0,0,0,0,0,"Iyerpadi_Akkamalai_24"
510,"Iyerpadi_Akkamalai",24,93,510,"Cal aus","Cal aus","Cal aus",70,0,0,0,0,0,0,0,0,0,0,0,0,0,0,0,"Iyerpadi_Akkamalai_24"
511,"Iyerpadi_Akkamalai",24,93,511,"Can dic","Can dic","Psy dic",78,0,0,0,0,0,0,0,0,0,0,0,0,0,0,0,"Iyerpadi_Akkamalai_24"
512,"Iyerpadi_Akkamalai",24,94,512,"Pse ana","Pse ana","Phy ana",50,0,0,0,0,0,0,0,0,0,0,0,0,0,0,0,"Iyerpadi_Akkamalai_24"
513,"Iyerpadi_Akkamalai",24,94,513,"Orm tra","Orm tra","Orm tra",102,0,0,0,0,0,0,0,0,0,0,0,0,0,0,0,"Iyerpadi_Akkamalai_24"
514,"Iyerpadi_Akkamalai",24,94,514,"Myr dac","Myr dac","Myr bed",106,0,0,0,0,0,0,0,0,0,0,0,0,0,0,0,"Iyerpadi_Akkamalai_24"
515,"Iyerpadi_Akkamalai",24,94,515,"Cry bou","Cry wig","Cry wig",63,0,0,0,0,0,0,0,0,0,0,0,0,0,0,0,"Iyerpadi_Akkamalai_24"
516,"Iyerpadi_Akkamalai",24,94,516,"Cal aus","Cal aus","Cal aus",130,0,0,0,0,0,0,0,0,0,0,0,0,0,0,0,"Iyerpadi_Akkamalai_24"
517,"Iyerpadi_Akkamalai",24,94,517,"Cas rub","Cas rub","Cas rub",77,0,0,0,0,0,0,0,0,0,0,0,0,0,0,0,"Iyerpadi_Akkamalai_24"
518,"Iyerpadi_Akkamalai",24,95,518,"Bhe ind","Bhe ind","Bhe ind",61,0,0,0,0,0,0,0,0,0,0,0,0,0,0,0,"Iyerpadi_Akkamalai_24"
519,"Iyerpadi_Akkamalai",24,95,519,"Mes fer","Mes fer","Mes fer",200,0,0,0,0,0,0,0,0,0,0,0,0,0,0,0,"Iyerpadi_Akkamalai_24"
520,"Iyerpadi_Akkamalai",24,95,520,"Gom cor","Gom cor","Gom cor",110,0,0,0,0,0,0,0,0,0,0,0,0,0,0,0,"Iyerpadi_Akkamalai_24"
521,"Iyerpadi_Akkamalai",24,95,521,"Mes fer","Mes fer","Mes fer",76,0,0,0,0,0,0,0,0,0,0,0,0,0,0,0,"Iyerpadi_Akkamalai_24"
522,"Iyerpadi_Akkamalai",24,95,522,"Mes fer","Mes fer","Mes fer",265,0,0,0,0,0,0,0,0,0,0,0,0,0,0,0,"Iyerpadi_Akkamalai_24"
523,"Iyerpadi_Akkamalai",24,95,523,"Mes fer","Mes fer","Mes fer",105,0,0,0,0,0,0,0,0,0,0,0,0,0,0,0,"Iyerpadi_Akkamalai_24"
524,"Iyerpadi_Akkamalai",24,95,524,"Cal aus","Cal aus","Cal aus",215,0,0,0,0,0,0,0,0,0,0,0,0,0,0,0,"Iyerpadi_Akkamalai_24"
525,"Iyerpadi_Akkamalai",24,95,525,"Ant men","Ant mon","Ant mon",34,33,0,0,0,0,0,0,0,0,0,0,0,0,0,0,"Iyerpadi_Akkamalai_24"
526,"Iyerpadi_Akkamalai",24,95,526,"Sco cre","Sco cre","Sco cre",305,0,0,0,0,0,0,0,0,0,0,0,0,0,0,0,"Iyerpadi_Akkamalai_24"
527,"Iyerpadi_Akkamalai",24,96,527,"Dio nil","Dio nil","Dio nil",160,0,0,0,0,0,0,0,0,0,0,0,0,0,0,0,"Iyerpadi_Akkamalai_24"
528,"Iyerpadi_Akkamalai",24,96,528,"Cul exa","Cul exa","Cul exa",76,0,0,0,0,0,0,0,0,0,0,0,0,0,0,0,"Iyerpadi_Akkamalai_24"
529,"Iyerpadi_Akkamalai",24,96,529,"Dio nil","Dio nil","Dio nil",51,0,0,0,0,0,0,0,0,0,0,0,0,0,0,0,"Iyerpadi_Akkamalai_24"
530,"Iyerpadi_Akkamalai",25,97,530,"Fic vir","Fic vir","Fic vir",120,98,0,0,0,0,0,0,0,0,0,0,0,0,0,0,"Iyerpadi_Akkamalai_25"
531,"Iyerpadi_Akkamalai",25,97,531,"Mes fer","Mes fer","Mes fer",140,0,0,0,0,0,0,0,0,0,0,0,0,0,0,0,"Iyerpadi_Akkamalai_25"
532,"Iyerpadi_Akkamalai",25,97,532,"Pse ana","Pse ana","Phy ana",45,0,0,0,0,0,0,0,0,0,0,0,0,0,0,0,"Iyerpadi_Akkamalai_25"
533,"Iyerpadi_Akkamalai",25,97,533,"Ant men","Ant mon","Ant mon",39,0,0,0,0,0,0,0,0,0,0,0,0,0,0,0,"Iyerpadi_Akkamalai_25"
534,"Iyerpadi_Akkamalai",25,97,534,"Pse ana","Pse ana","Phy ana",51,0,0,0,0,0,0,0,0,0,0,0,0,0,0,0,"Iyerpadi_Akkamalai_25"
535,"Iyerpadi_Akkamalai",25,97,535,"Cal aus","Cal aus","Cal aus",33,0,0,0,0,0,0,0,0,0,0,0,0,0,0,0,"Iyerpadi_Akkamalai_25"
536,"Iyerpadi_Akkamalai",25,97,536,"Lep dec","Lep def","Lep def",55,0,0,0,0,0,0,0,0,0,0,0,0,0,0,0,"Iyerpadi_Akkamalai_25"
537,"Iyerpadi_Akkamalai",25,97,537,"Ant men","Ant mon","Ant mon",56,0,0,0,0,0,0,0,0,0,0,0,0,0,0,0,"Iyerpadi_Akkamalai_25"
538,"Iyerpadi_Akkamalai",25,98,538,"Ant men","Ant mon","Ant mon",38,0,0,0,0,0,0,0,0,0,0,0,0,0,0,0,"Iyerpadi_Akkamalai_25"
539,"Iyerpadi_Akkamalai",25,98,539,"Cal aus","Cal aus","Cal aus",65,0,0,0,0,0,0,0,0,0,0,0,0,0,0,0,"Iyerpadi_Akkamalai_25"
540,"Iyerpadi_Akkamalai",25,98,540,"Ore int","Ore int","Ore int",32,0,0,0,0,0,0,0,0,0,0,0,0,0,0,0,"Iyerpadi_Akkamalai_25"
541,"Iyerpadi_Akkamalai",25,98,541,"Mes fer","Mes fer","Mes fer",100,0,0,0,0,0,0,0,0,0,0,0,0,0,0,0,"Iyerpadi_Akkamalai_25"
542,"Iyerpadi_Akkamalai",25,98,542,"Art het","Art het","Art het",130,0,0,0,0,0,0,0,0,0,0,0,0,0,0,0,"Iyerpadi_Akkamalai_25"
543,"Iyerpadi_Akkamalai",25,98,543,"Gar tal","Gar tal","Gar tal",79,0,0,0,0,0,0,0,0,0,0,0,0,0,0,0,"Iyerpadi_Akkamalai_25"
544,"Iyerpadi_Akkamalai",25,98,544,"Gar tal","Gar tal","Gar tal",36,0,0,0,0,0,0,0,0,0,0,0,0,0,0,0,"Iyerpadi_Akkamalai_25"
545,"Iyerpadi_Akkamalai",25,98,545,"Ore int","Ore int","Ore int",43,26,0,0,0,0,0,0,0,0,0,0,0,0,0,0,"Iyerpadi_Akkamalai_25"
546,"Iyerpadi_Akkamalai",25,99,546,"Ore int","Ore int","Ore int",40,0,0,0,0,0,0,0,0,0,0,0,0,0,0,0,"Iyerpadi_Akkamalai_25"
547,"Iyerpadi_Akkamalai",25,99,547,"Ore int","Ore int","Ore int",56,0,0,0,0,0,0,0,0,0,0,0,0,0,0,0,"Iyerpadi_Akkamalai_25"
548,"Iyerpadi_Akkamalai",25,99,548,"Syz den","Syz den","Syz den",240,0,0,0,0,0,0,0,0,0,0,0,0,0,0,0,"Iyerpadi_Akkamalai_25"
549,"Iyerpadi_Akkamalai",25,99,549,"Cal aus","Cal aus","Cal aus",220,0,0,0,0,0,0,0,0,0,0,0,0,0,0,0,"Iyerpadi_Akkamalai_25"
550,"Iyerpadi_Akkamalai",25,100,550,"Fic bed","Fic bed","Fic bed",100,0,0,0,0,0,0,0,0,0,0,0,0,0,0,0,"Iyerpadi_Akkamalai_25"
551,"Iyerpadi_Akkamalai",25,100,551,"Pse ana","Pse ana","Phy ana",51,0,0,0,0,0,0,0,0,0,0,0,0,0,0,0,"Iyerpadi_Akkamalai_25"
552,"Iyerpadi_Akkamalai",25,100,552,"Mes fer","Mes fer","Mes fer",133,0,0,0,0,0,0,0,0,0,0,0,0,0,0,0,"Iyerpadi_Akkamalai_25"
553,"Iyerpadi_Akkamalai",25,100,553,"Ant men","Ant mon","Ant mon",42,0,0,0,0,0,0,0,0,0,0,0,0,0,0,0,"Iyerpadi_Akkamalai_25"
554,"Iyerpadi_Akkamalai",25,100,554,"Pse ana","Pse ana","Phy ana",39,0,0,0,0,0,0,0,0,0,0,0,0,0,0,0,"Iyerpadi_Akkamalai_25"
555,"Iyerpadi_Akkamalai",25,100,555,"Pse ana","Pse ana","Phy ana",37,0,0,0,0,0,0,0,0,0,0,0,0,0,0,0,"Iyerpadi_Akkamalai_25"
556,"Iyerpadi_Akkamalai",25,100,556,"Can dic","Can dic","Psy dic",118,0,0,0,0,0,0,0,0,0,0,0,0,0,0,0,"Iyerpadi_Akkamalai_25"
557,"Iyerpadi_Akkamalai",25,100,557,"Syz den","Syz den","Syz den",198,0,0,0,0,0,0,0,0,0,0,0,0,0,0,0,"Iyerpadi_Akkamalai_25"
558,"Injipara",1,1,1,"Ele ser","Ela ser","Ela ser",64,0,0,0,0,0,0,0,0,0,0,0,0,0,0,0,"Injipara_1"
559,"Injipara",1,2,2,"Spa com","Spa cam","Spa cam",165,53,36,30,18,9,0,0,0,0,0,0,0,0,0,0,"Injipara_1"
560,"Injipara",1,2,3,"Spa com","Spa cam","Spa cam",200,0,0,0,0,0,0,0,0,0,0,0,0,0,0,0,"Injipara_1"
561,"Injipara",1,2,4,"Spa com","Spa cam","Spa cam",53,0,0,0,0,0,0,0,0,0,0,0,0,0,0,0,"Injipara_1"
562,"Injipara",1,2,5,"Spa com","Spa cam","Spa cam",215,0,0,0,0,0,0,0,0,0,0,0,0,0,0,0,"Injipara_1"
563,"Injipara",1,2,6,"Spa com","Spa cam","Spa cam",195,0,0,0,0,0,0,0,0,0,0,0,0,0,0,0,"Injipara_1"
564,"Injipara",1,2,7,"Spa com","Spa cam","Spa cam",190,0,0,0,0,0,0,0,0,0,0,0,0,0,0,0,"Injipara_1"
565,"Injipara",1,2,8,"Spa com","Spa cam","Spa cam",78,0,0,0,0,0,0,0,0,0,0,0,0,0,0,0,"Injipara_1"
566,"Injipara",1,2,9,"Spa com","Spa cam","Spa cam",142,0,0,0,0,0,0,0,0,0,0,0,0,0,0,0,"Injipara_1"
567,"Injipara",1,2,10,"Mel pin arn","Mel pin","Mel pin",99,0,0,0,0,0,0,0,0,0,0,0,0,0,0,0,"Injipara_1"
568,"Injipara",1,3,11,"Fic exa","Fic exa","Fic exa",43,0,0,0,0,0,0,0,0,0,0,0,0,0,0,0,"Injipara_1"
569,"Injipara",1,3,12,"Ore int","Ore int","Ore int",80,0,0,0,0,0,0,0,0,0,0,0,0,0,0,0,"Injipara_1"
570,"Injipara",1,3,13,"Art het","Art het","Art het",70,0,0,0,0,0,0,0,0,0,0,0,0,0,0,0,"Injipara_1"
571,"Injipara",1,3,14,"Fic his","Fic his","Fic his",67,0,0,0,0,0,0,0,0,0,0,0,0,0,0,0,"Injipara_1"
572,"Injipara",1,3,15,"Ore int","Ore int","Ore int",60,0,0,0,0,0,0,0,0,0,0,0,0,0,0,0,"Injipara_1"
573,"Injipara",1,3,16,"Mac pel","Mac pel","Mac pel",126,0,0,0,0,0,0,0,0,0,0,0,0,0,0,0,"Injipara_1"
574,"Injipara",2,5,17,"Euo lun","Mel lun","Mel lun",145,0,0,0,0,0,0,0,0,0,0,0,0,0,0,0,"Injipara_2"
575,"Injipara",2,5,18,"Spa com","Spa cam","Spa cam",31,0,0,0,0,0,0,0,0,0,0,0,0,0,0,0,"Injipara_2"
576,"Injipara",2,5,19,"Spa com","Spa cam","Spa cam",48,0,0,0,0,0,0,0,0,0,0,0,0,0,0,0,"Injipara_2"
577,"Injipara",2,5,20,"Mel pin arn","Mel pin","Mel pin",97,0,0,0,0,0,0,0,0,0,0,0,0,0,0,0,"Injipara_2"
578,"Injipara",2,5,21,"Ele tub","Ela tub","Ela tub",100,0,0,0,0,0,0,0,0,0,0,0,0,0,0,0,"Injipara_2"
579,"Injipara",2,6,22,"Spa com","Spa cam","Spa cam",46,0,0,0,0,0,0,0,0,0,0,0,0,0,0,0,"Injipara_2"
580,"Injipara",2,6,23,"Mel pin arn","Mel pin","Mel pin",98,0,0,0,0,0,0,0,0,0,0,0,0,0,0,0,"Injipara_2"
581,"Injipara",2,7,24,"Spa com","Spa cam","Spa cam",49,0,0,0,0,0,0,0,0,0,0,0,0,0,0,0,"Injipara_2"
582,"Injipara",2,7,25,"Spa com","Spa cam","Spa cam",82,0,0,0,0,0,0,0,0,0,0,0,0,0,0,0,"Injipara_2"
583,"Injipara",2,7,26,"Spa com","Spa cam","Spa cam",52,0,0,0,0,0,0,0,0,0,0,0,0,0,0,0,"Injipara_2"
584,"Injipara",2,8,27,"Spa com","Spa cam","Spa cam",33,0,0,0,0,0,0,0,0,0,0,0,0,0,0,0,"Injipara_2"
585,"Injipara",2,8,28,"Spa com","Spa cam","Spa cam",46,0,0,0,0,0,0,0,0,0,0,0,0,0,0,0,"Injipara_2"
586,"Injipara",2,8,29,"Spa com","Spa cam","Spa cam",60,0,0,0,0,0,0,0,0,0,0,0,0,0,0,0,"Injipara_2"
587,"Injipara",2,8,30,"Ele tub","Ela tub","Ela tub",184,0,0,0,0,0,0,0,0,0,0,0,0,0,0,0,"Injipara_2"
588,"Injipara",2,8,31,"Ore int","Ore int","Ore int",35,0,0,0,0,0,0,0,0,0,0,0,0,0,0,0,"Injipara_2"
589,"Injipara",2,8,32,"Spa com","Spa cam","Spa cam",62,0,0,0,0,0,0,0,0,0,0,0,0,0,0,0,"Injipara_2"
590,"Injipara",2,8,33,"Spa com","Spa cam","Spa cam",31,0,0,0,0,0,0,0,0,0,0,0,0,0,0,0,"Injipara_2"
591,"Injipara",2,8,34,"Spa com","Spa cam","Spa cam",49,0,0,0,0,0,0,0,0,0,0,0,0,0,0,0,"Injipara_2"
592,"Injipara",2,8,35,"Euo lun","Mel lun","Mel lun",129,0,0,0,0,0,0,0,0,0,0,0,0,0,0,0,"Injipara_2"
593,"Injipara",2,8,36,"Euo lun","Mel lun","Mel lun",40,0,0,0,0,0,0,0,0,0,0,0,0,0,0,0,"Injipara_2"
594,"Injipara",3,9,37,"Euo lun","Mel lun","Mel lun",88,0,0,0,0,0,0,0,0,0,0,0,0,0,0,0,"Injipara_3"
595,"Injipara",3,9,38,"Ele tub","Ela tub","Ela tub",120,74,0,0,0,0,0,0,0,0,0,0,0,0,0,0,"Injipara_3"
596,"Injipara",3,10,39,"Spa com","Spa cam","Spa cam",104,93,0,0,0,0,0,0,0,0,0,0,0,0,0,0,"Injipara_3"
597,"Injipara",3,10,40,"Fic exa","Fic exa","Fic exa",90,65,0,0,0,0,0,0,0,0,0,0,0,0,0,0,"Injipara_3"
598,"Injipara",3,10,41,"Mel pin arn","Mel pin","Mel pin",106,0,0,0,0,0,0,0,0,0,0,0,0,0,0,0,"Injipara_3"
599,"Injipara",3,10,42,"Mel pin arn","Mel pin","Mel pin",31,0,0,0,0,0,0,0,0,0,0,0,0,0,0,0,"Injipara_3"
600,"Injipara",3,10,43,"Euo lun","Mel lun","Mel lun",99,0,0,0,0,0,0,0,0,0,0,0,0,0,0,0,"Injipara_3"
601,"Injipara",3,11,44,"Spa com","Spa cam","Spa cam",147,33,20,0,0,0,0,0,0,0,0,0,0,0,0,0,"Injipara_3"
602,"Injipara",3,11,45,"Spa com","Spa cam","Spa cam",33,0,0,0,0,0,0,0,0,0,0,0,0,0,0,0,"Injipara_3"
603,"Injipara",3,11,46,"Spa com","Spa cam","Spa cam",32,0,0,0,0,0,0,0,0,0,0,0,0,0,0,0,"Injipara_3"
604,"Injipara",3,12,47,"Sem tra","Sem tra","Sem tra",122,0,0,0,0,0,0,0,0,0,0,0,0,0,0,0,"Injipara_3"
605,"Injipara",3,12,48,"Spa com","Spa cam","Spa cam",115,43,0,0,0,0,0,0,0,0,0,0,0,0,0,0,"Injipara_3"
606,"Injipara",3,12,49,"Fic his","Fic his","Fic his",48,0,0,0,0,0,0,0,0,0,0,0,0,0,0,0,"Injipara_3"
607,"Injipara",3,12,50,"Spa com","Spa cam","Spa cam",150,0,0,0,0,0,0,0,0,0,0,0,0,0,0,0,"Injipara_3"
608,"Injipara",3,12,51,"Spa com","Spa cam","Spa cam",144,0,0,0,0,0,0,0,0,0,0,0,0,0,0,0,"Injipara_3"
609,"Injipara",4,13,52,"Tri con","Hey tri","Hey tri",162,0,0,0,0,0,0,0,0,0,0,0,0,0,0,0,"Injipara_4"
610,"Injipara",4,13,53,"Spa com","Spa cam","Spa cam",42,0,0,0,0,0,0,0,0,0,0,0,0,0,0,0,"Injipara_4"
611,"Injipara",4,13,54,"Cin mal","Cin mal","Cin mal",190,0,0,0,0,0,0,0,0,0,0,0,0,0,0,0,"Injipara_4"
612,"Injipara",4,14,55,"Spa com","Spa cam","Spa cam",180,140,120,37,23,0,0,0,0,0,0,0,0,0,0,0,"Injipara_4"
613,"Injipara",4,15,56,"Spa com","Spa cam","Spa cam",120,0,0,0,0,0,0,0,0,0,0,0,0,0,0,0,"Injipara_4"
614,"Injipara",4,15,57,"Art het","Art het","Art het",195,0,0,0,0,0,0,0,0,0,0,0,0,0,0,0,"Injipara_4"
615,"Injipara",4,15,58,"Mel pin arn","Mel pin","Mel pin",75,0,0,0,0,0,0,0,0,0,0,0,0,0,0,0,"Injipara_4"
616,"Injipara",4,15,59,"Spa com","Spa cam","Spa cam",33,23,0,0,0,0,0,0,0,0,0,0,0,0,0,0,"Injipara_4"
617,"Injipara",4,15,60,"Ant men","Ant mon","Ant mon",68,0,0,0,0,0,0,0,0,0,0,0,0,0,0,0,"Injipara_4"
618,"Injipara",4,15,61,"Mel pin arn","Mel pin","Mel pin",140,0,0,0,0,0,0,0,0,0,0,0,0,0,0,0,"Injipara_4"
619,"Injipara",4,16,62,"Ver mon","Ver arb","Ver arb",73,0,0,0,0,0,0,0,0,0,0,0,0,0,0,0,"Injipara_4"
620,"Injipara",4,16,63,"Too cil","Too cil","Too cil",210,0,0,0,0,0,0,0,0,0,0,0,0,0,0,0,"Injipara_4"
621,"Injipara",5,17,64,"Fic his","Fic his","Fic his",45,0,0,0,0,0,0,0,0,0,0,0,0,0,0,0,"Injipara_5"
622,"Injipara",5,17,65,"Act ang","Act gul","Act gul",102,0,0,0,0,0,0,0,0,0,0,0,0,0,0,0,"Injipara_5"
623,"Injipara",5,17,66,"Fic his","Fic his","Fic his",44,0,0,0,0,0,0,0,0,0,0,0,0,0,0,0,"Injipara_5"
624,"Injipara",5,17,67,"Sem tra","Sem tra","Sem tra",122,0,0,0,0,0,0,0,0,0,0,0,0,0,0,0,"Injipara_5"
625,"Injipara",5,17,68,"Sem tra","Sem tra","Sem tra",85,0,0,0,0,0,0,0,0,0,0,0,0,0,0,0,"Injipara_5"
626,"Injipara",5,17,69,"Spa com","Spa cam","Spa cam",230,93,0,0,0,0,0,0,0,0,0,0,0,0,0,0,"Injipara_5"
627,"Injipara",5,18,70,"Spa com","Spa cam","Spa cam",35,0,0,0,0,0,0,0,0,0,0,0,0,0,0,0,"Injipara_5"
628,"Injipara",5,18,71,"Spa com","Spa cam","Spa cam",31,0,0,0,0,0,0,0,0,0,0,0,0,0,0,0,"Injipara_5"
629,"Injipara",5,18,72,"Spa com","Spa cam","Spa cam",90,0,0,0,0,0,0,0,0,0,0,0,0,0,0,0,"Injipara_5"
630,"Injipara",5,18,73,"Spa com","Spa cam","Spa cam",66,0,0,0,0,0,0,0,0,0,0,0,0,0,0,0,"Injipara_5"
631,"Injipara",5,18,74,"Spa com","Spa cam","Spa cam",69,0,0,0,0,0,0,0,0,0,0,0,0,0,0,0,"Injipara_5"
632,"Injipara",5,18,75,"Can str","Can str","Can str",86,0,0,0,0,0,0,0,0,0,0,0,0,0,0,0,"Injipara_5"
633,"Injipara",5,19,76,"Spa com","Spa cam","Spa cam",80,0,0,0,0,0,0,0,0,0,0,0,0,0,0,0,"Injipara_5"
634,"Injipara",5,19,77,"Art het","Art het","Art het",31,0,0,0,0,0,0,0,0,0,0,0,0,0,0,0,"Injipara_5"
635,"Injipara",5,19,78,"Fic ner","Fic ner","Fic ner",34,0,0,0,0,0,0,0,0,0,0,0,0,0,0,0,"Injipara_5"
636,"Injipara",5,19,79,"Mac pel","Mac pel","Mac pel",69,0,0,0,0,0,0,0,0,0,0,0,0,0,0,0,"Injipara_5"
637,"Injipara",5,19,80,"Lit gla","Lit ole","Lit nig",30,0,0,0,0,0,0,0,0,0,0,0,0,0,0,0,"Injipara_5"
638,"Injipara",5,19,81,"Sem tra","Sem tra","Sem tra",180,0,0,0,0,0,0,0,0,0,0,0,0,0,0,0,"Injipara_5"
639,"Injipara",5,20,82,"Sem tra","Sem tra","Sem tra",91,0,0,0,0,0,0,0,0,0,0,0,0,0,0,0,"Injipara_5"
640,"Injipara",5,20,83,"Sem tra","Sem tra","Sem tra",115,0,0,0,0,0,0,0,0,0,0,0,0,0,0,0,"Injipara_5"
641,"Injipara",5,20,84,"Lit flo","Lit flo","Lit flo",43,0,0,0,0,0,0,0,0,0,0,0,0,0,0,0,"Injipara_5"
642,"Injipara",5,20,85,"Sem tra","Sem tra","Sem tra",91,0,0,0,0,0,0,0,0,0,0,0,0,0,0,0,"Injipara_5"
643,"Injipara",5,20,86,"Per mac","Per mac","Per mac",65,0,0,0,0,0,0,0,0,0,0,0,0,0,0,0,"Injipara_5"
644,"Injipara",5,20,87,"Spa com","Spa cam","Spa cam",35,30,0,0,0,0,0,0,0,0,0,0,0,0,0,0,"Injipara_5"
645,"Injipara",6,21,88,"Spa com","Spa cam","Spa cam",53,0,0,0,0,0,0,0,0,0,0,0,0,0,0,0,"Injipara_6"
646,"Injipara",6,21,89,"Spa com","Spa cam","Spa cam",54,0,0,0,0,0,0,0,0,0,0,0,0,0,0,0,"Injipara_6"
647,"Injipara",6,21,90,"Spa com","Spa cam","Spa cam",97,0,0,0,0,0,0,0,0,0,0,0,0,0,0,0,"Injipara_6"
648,"Injipara",6,21,91,"Ery mys","Ery var","Ery var",76,0,0,0,0,0,0,0,0,0,0,0,0,0,0,0,"Injipara_6"
649,"Injipara",6,22,92,"Ery mys","Ery var","Ery var",101,66,40,0,0,0,0,0,0,0,0,0,0,0,0,0,"Injipara_6"
650,"Injipara",6,22,93,"Spa com","Spa cam","Spa cam",110,66,57,55,27,0,0,0,0,0,0,0,0,0,0,0,"Injipara_6"
651,"Injipara",6,22,94,"Ver mon","Ver arb","Ver arb",33,20,0,0,0,0,0,0,0,0,0,0,0,0,0,0,"Injipara_6"
652,"Injipara",6,22,95,"Ery mys","Ery var","Ery var",86,73,0,0,0,0,0,0,0,0,0,0,0,0,0,0,"Injipara_6"
653,"Injipara",6,23,96,"Ery mys","Ery var","Ery var",44,0,0,0,0,0,0,0,0,0,0,0,0,0,0,0,"Injipara_6"
654,"Injipara",6,24,97,"Mae emi","Mae emi","Mae emi",64,27,0,0,0,0,0,0,0,0,0,0,0,0,0,0,"Injipara_6"
655,"Injipara",6,24,98,"Mae emi","Mae emi","Mae emi",70,36,0,0,0,0,0,0,0,0,0,0,0,0,0,0,"Injipara_6"
656,"Injipara",6,24,99,"Fic his","Fic his","Fic his",34,0,0,0,0,0,0,0,0,0,0,0,0,0,0,0,"Injipara_6"
657,"Injipara",6,24,100,"Mae emi","Mae emi","Mae emi",95,26,0,0,0,0,0,0,0,0,0,0,0,0,0,0,"Injipara_6"
658,"Injipara",7,25,101,"Ver mon","Ver arb","Ver arb",202,0,0,0,0,0,0,0,0,0,0,0,0,0,0,0,"Injipara_7"
659,"Injipara",7,25,102,"Mae emi","Mae emi","Mae emi",81,32,0,0,0,0,0,0,0,0,0,0,0,0,0,0,"Injipara_7"
660,"Injipara",7,25,103,"Mae emi","Mae emi","Mae emi",39,31,0,0,0,0,0,0,0,0,0,0,0,0,0,0,"Injipara_7"
661,"Injipara",7,25,104,"Mae emi","Mae emi","Mae emi",82,0,0,0,0,0,0,0,0,0,0,0,0,0,0,0,"Injipara_7"
662,"Injipara",7,25,105,"Mae emi","Mae emi","Mae emi",50,36,0,0,0,0,0,0,0,0,0,0,0,0,0,0,"Injipara_7"
663,"Injipara",7,26,106,"Spa com","Spa cam","Spa cam",48,0,0,0,0,0,0,0,0,0,0,0,0,0,0,0,"Injipara_7"
664,"Injipara",7,26,107,"Spa com","Spa cam","Spa cam",86,0,0,0,0,0,0,0,0,0,0,0,0,0,0,0,"Injipara_7"
665,"Injipara",7,26,108,"Ery mys","Ery var","Ery var",88,0,0,0,0,0,0,0,0,0,0,0,0,0,0,0,"Injipara_7"
666,"Injipara",7,26,109,"Spa com","Spa cam","Spa cam",114,0,0,0,0,0,0,0,0,0,0,0,0,0,0,0,"Injipara_7"
667,"Injipara",7,27,110,"Spa com","Spa cam","Spa cam",101,96,0,0,0,0,0,0,0,0,0,0,0,0,0,0,"Injipara_7"
668,"Injipara",7,27,111,"Spa com","Spa cam","Spa cam",132,0,0,0,0,0,0,0,0,0,0,0,0,0,0,0,"Injipara_7"
669,"Injipara",7,27,112,"Spa com","Spa cam","Spa cam",124,121,0,0,0,0,0,0,0,0,0,0,0,0,0,0,"Injipara_7"
670,"Injipara",7,28,113,"Art het","Art het","Art het",385,0,0,0,0,0,0,0,0,0,0,0,0,0,0,0,"Injipara_7"
671,"Injipara",7,28,114,"Eucalyptus","Euc sp.","Euc sp.",124,0,0,0,0,0,0,0,0,0,0,0,0,0,0,0,"Injipara_7"
672,"Injipara",8,29,115,"Fic ner","Fic ner","Fic ner",190,0,0,0,0,0,0,0,0,0,0,0,0,0,0,0,"Injipara_8"
673,"Injipara",8,29,116,"Ery mys","Ery var","Ery var",155,0,0,0,0,0,0,0,0,0,0,0,0,0,0,0,"Injipara_8"
674,"Injipara",8,29,117,"Ery mys","Ery var","Ery var",110,0,0,0,0,0,0,0,0,0,0,0,0,0,0,0,"Injipara_8"
675,"Injipara",8,30,118,"Ery mys","Ery var","Ery var",104,0,0,0,0,0,0,0,0,0,0,0,0,0,0,0,"Injipara_8"
676,"Injipara",8,30,119,"Fic exa","Fic exa","Fic exa",99,0,0,0,0,0,0,0,0,0,0,0,0,0,0,0,"Injipara_8"
677,"Injipara",8,31,120,"Ery mys","Ery var","Ery var",66,65,0,0,0,0,0,0,0,0,0,0,0,0,0,0,"Injipara_8"
678,"Injipara",8,31,121,"Ver mon","Ver arb","Ver arb",36,0,0,0,0,0,0,0,0,0,0,0,0,0,0,0,"Injipara_8"
679,"Injipara",8,32,122,"Ver mon","Ver arb","Ver arb",34,0,0,0,0,0,0,0,0,0,0,0,0,0,0,0,"Injipara_8"
680,"Injipara",8,32,123,"Ery mys","Ery var","Ery var",74,0,0,0,0,0,0,0,0,0,0,0,0,0,0,0,"Injipara_8"
681,"Injipara",8,32,124,"Mel pin arn","Mel pin","Mel pin",33,0,0,0,0,0,0,0,0,0,0,0,0,0,0,0,"Injipara_8"
682,"Injipara",9,33,125,"Ste gut","Ste gut","Ste gut",140,0,0,0,0,0,0,0,0,0,0,0,0,0,0,0,"Injipara_9"
683,"Injipara",9,33,126,"Mae emi","Mae emi","Mae emi",52,17,15,0,0,0,0,0,0,0,0,0,0,0,0,0,"Injipara_9"
684,"Injipara",9,33,127,"Mae emi","Mae emi","Mae emi",31,16,20,16,0,0,0,0,0,0,0,0,0,0,0,0,"Injipara_9"
685,"Injipara",9,33,128,"Dim lon","Dim lon","Dim lon",265,0,0,0,0,0,0,0,0,0,0,0,0,0,0,0,"Injipara_9"
686,"Injipara",9,33,129,"Mae emi","Mae emi","Mae emi",61,43,0,0,0,0,0,0,0,0,0,0,0,0,0,0,"Injipara_9"
687,"Injipara",9,33,130,"Mae emi","Mae emi","Mae emi",80,44,0,0,0,0,0,0,0,0,0,0,0,0,0,0,"Injipara_9"
688,"Injipara",9,33,131,"Spa com","Spa cam","Spa cam",190,70,0,0,0,0,0,0,0,0,0,0,0,0,0,0,"Injipara_9"
689,"Injipara",9,34,132,"Mae emi","Mae emi","Mae emi",67,0,0,0,0,0,0,0,0,0,0,0,0,0,0,0,"Injipara_9"
690,"Injipara",9,34,133,"Mae emi","Mae emi","Mae emi",54,0,0,0,0,0,0,0,0,0,0,0,0,0,0,0,"Injipara_9"
691,"Injipara",9,34,134,"Mae emi","Mae emi","Mae emi",51,0,0,0,0,0,0,0,0,0,0,0,0,0,0,0,"Injipara_9"
692,"Injipara",9,34,135,"Mae emi","Mae emi","Mae emi",80,0,0,0,0,0,0,0,0,0,0,0,0,0,0,0,"Injipara_9"
693,"Injipara",9,34,136,"Art het","Art het","Art het",295,0,0,0,0,0,0,0,0,0,0,0,0,0,0,0,"Injipara_9"
694,"Injipara",9,35,137,"Ery mys","Ery var","Ery var",75,34,0,0,0,0,0,0,0,0,0,0,0,0,0,0,"Injipara_9"
695,"Injipara",9,35,138,"Can str","Can str","Can str",175,0,0,0,0,0,0,0,0,0,0,0,0,0,0,0,"Injipara_9"
696,"Injipara",9,35,139,"Fic exa","Fic exa","Fic exa",115,0,0,0,0,0,0,0,0,0,0,0,0,0,0,0,"Injipara_9"
697,"Injipara",9,35,140,"Fic his","Fic his","Fic his",91,0,0,0,0,0,0,0,0,0,0,0,0,0,0,0,"Injipara_9"
698,"Injipara",9,36,141,"Art het","Art het","Art het",175,0,0,0,0,0,0,0,0,0,0,0,0,0,0,0,"Injipara_9"
699,"Injipara",9,36,142,"Spa com","Spa cam","Spa cam",80,0,0,0,0,0,0,0,0,0,0,0,0,0,0,0,"Injipara_9"
700,"Injipara",9,36,143,"Mae emi","Mae emi","Mae emi",105,0,0,0,0,0,0,0,0,0,0,0,0,0,0,0,"Injipara_9"
701,"Injipara",9,36,144,"Ery mys","Ery var","Ery var",140,0,0,0,0,0,0,0,0,0,0,0,0,0,0,0,"Injipara_9"
702,"Injipara",10,37,145,"Ver mon","Ver arb","Ver arb",210,0,0,0,0,0,0,0,0,0,0,0,0,0,0,0,"Injipara_10"
703,"Injipara",10,38,146,"Spa com","Spa cam","Spa cam",114,17,17,23,0,0,0,0,0,0,0,0,0,0,0,0,"Injipara_10"
704,"Injipara",10,38,147,"Spa com","Spa cam","Spa cam",30,24,0,0,0,0,0,0,0,0,0,0,0,0,0,0,"Injipara_10"
705,"Injipara",10,38,148,"Spa com","Spa cam","Spa cam",60,25,17,13,24,10,0,0,0,0,0,0,0,0,0,0,"Injipara_10"
706,"Injipara",10,38,149,"Ver mon","Ver arb","Ver arb",250,0,0,0,0,0,0,0,0,0,0,0,0,0,0,0,"Injipara_10"
707,"Injipara",10,39,150,"Ver mon","Ver arb","Ver arb",147,0,0,0,0,0,0,0,0,0,0,0,0,0,0,0,"Injipara_10"
708,"Injipara",10,39,151,"Als sch","Als sch","Als sch",30,0,0,0,0,0,0,0,0,0,0,0,0,0,0,0,"Injipara_10"
709,"Injipara",10,39,152,"Fic exa","Fic exa","Fic exa",72.5,0,0,0,0,0,0,0,0,0,0,0,0,0,0,0,"Injipara_10"
710,"Injipara",10,39,153,"Lit flo","Lit flo","Lit flo",57,0,0,0,0,0,0,0,0,0,0,0,0,0,0,0,"Injipara_10"
711,"Injipara",10,39,154,"Ver mon","Ver arb","Ver arb",170,0,0,0,0,0,0,0,0,0,0,0,0,0,0,0,"Injipara_10"
712,"Injipara",10,40,155,"Mel pin arn","Mel pin","Mel pin",165,0,0,0,0,0,0,0,0,0,0,0,0,0,0,0,"Injipara_10"
713,"Injipara",10,40,156,"Ver mon","Ver arb","Ver arb",185,0,0,0,0,0,0,0,0,0,0,0,0,0,0,0,"Injipara_10"
714,"Injipara",11,41,157,"Lit gla","Lit ole","Lit nig",127,114,0,0,0,0,0,0,0,0,0,0,0,0,0,0,"Injipara_11"
715,"Injipara",11,42,158,"Per mac","Per mac","Per mac",125,0,0,0,0,0,0,0,0,0,0,0,0,0,0,0,"Injipara_11"
716,"Injipara",11,42,159,"Euo lun","Mel lun","Mel lun",172,0,0,0,0,0,0,0,0,0,0,0,0,0,0,0,"Injipara_11"
717,"Injipara",11,42,160,"Sem tra","Sem tra","Sem tra",78,0,0,0,0,0,0,0,0,0,0,0,0,0,0,0,"Injipara_11"
718,"Injipara",11,42,161,"Art het","Art het","Art het",205,0,0,0,0,0,0,0,0,0,0,0,0,0,0,0,"Injipara_11"
719,"Injipara",11,42,162,"Can str","Can str","Can str",100,0,0,0,0,0,0,0,0,0,0,0,0,0,0,0,"Injipara_11"
720,"Injipara",11,43,163,"Eucalyptus","Euc sp.","Euc sp.",90,0,0,0,0,0,0,0,0,0,0,0,0,0,0,0,"Injipara_11"
721,"Injipara",11,43,164,"Mae emi","Mae emi","Mae emi",180,0,0,0,0,0,0,0,0,0,0,0,0,0,0,0,"Injipara_11"
722,"Injipara",11,44,165,"Spa com","Spa cam","Spa cam",51,0,0,0,0,0,0,0,0,0,0,0,0,0,0,0,"Injipara_11"
723,"Injipara",11,44,166,"Mal phi","Mal phi","Mal phi",150,0,0,0,0,0,0,0,0,0,0,0,0,0,0,0,"Injipara_11"
724,"Injipara",11,44,167,"Gar gum","Gar gum","Gar gum",170,0,0,0,0,0,0,0,0,0,0,0,0,0,0,0,"Injipara_11"
725,"Injipara",12,45,168,"Mac pel","Mac pel","Mac pel",89,0,0,0,0,0,0,0,0,0,0,0,0,0,0,0,"Injipara_12"
726,"Injipara",12,46,169,"Apo lin","Apo car","Apo car",87,0,0,0,0,0,0,0,0,0,0,0,0,0,0,0,"Injipara_12"
727,"Injipara",12,46,170,"Cin mal","Cin mal","Cin mal",108,0,0,0,0,0,0,0,0,0,0,0,0,0,0,0,"Injipara_12"
728,"Injipara",12,46,171,"Eucalyptus","Euc sp.","Euc sp.",170,0,0,0,0,0,0,0,0,0,0,0,0,0,0,0,"Injipara_12"
729,"Injipara",12,47,172,"Mae emi","Mae emi","Mae emi",115,0,0,0,0,0,0,0,0,0,0,0,0,0,0,0,"Injipara_12"
730,"Injipara",12,47,173,"Cin mal","Cin mal","Cin mal",130,0,0,0,0,0,0,0,0,0,0,0,0,0,0,0,"Injipara_12"
731,"Injipara",12,47,174,"Cin mal","Cin mal","Cin mal",118,0,0,0,0,0,0,0,0,0,0,0,0,0,0,0,"Injipara_12"
732,"Injipara",12,48,175,"Lit gla","Lit ole","Lit nig",160,0,0,0,0,0,0,0,0,0,0,0,0,0,0,0,"Injipara_12"
733,"Injipara",12,48,176,"Euo lun","Mel lun","Mel lun",80,0,0,0,0,0,0,0,0,0,0,0,0,0,0,0,"Injipara_12"
734,"Injipara",13,49,177,"Art het","Art het","Art het",170,0,0,0,0,0,0,0,0,0,0,0,0,0,0,0,"Injipara_13"
735,"Injipara",13,49,178,"Per mac","Per mac","Per mac",79,0,0,0,0,0,0,0,0,0,0,0,0,0,0,0,"Injipara_13"
736,"Injipara",13,49,179,"Eucalyptus","Euc sp.","Euc sp.",146,0,0,0,0,0,0,0,0,0,0,0,0,0,0,0,"Injipara_13"
737,"Injipara",13,49,180,"Mac pel","Mac pel","Mac pel",143,0,0,0,0,0,0,0,0,0,0,0,0,0,0,0,"Injipara_13"
738,"Injipara",13,50,181,"Act ang","Act gul","Act gul",75,0,0,0,0,0,0,0,0,0,0,0,0,0,0,0,"Injipara_13"
739,"Injipara",13,50,182,"Act ang","Act gul","Act gul",87,0,0,0,0,0,0,0,0,0,0,0,0,0,0,0,"Injipara_13"
740,"Injipara",13,50,183,"Eucalyptus","Euc sp.","Euc sp.",198,0,0,0,0,0,0,0,0,0,0,0,0,0,0,0,"Injipara_13"
741,"Injipara",13,51,184,"Acr ped","Acr ped","Acr ped",72,0,0,0,0,0,0,0,0,0,0,0,0,0,0,0,"Injipara_13"
742,"Injipara",13,51,185,"Act ang","Act gul","Act gul",55,0,0,0,0,0,0,0,0,0,0,0,0,0,0,0,"Injipara_13"
743,"Injipara",13,51,186,"Acr ped","Acr ped","Acr ped",51,0,0,0,0,0,0,0,0,0,0,0,0,0,0,0,"Injipara_13"
744,"Injipara",13,51,187,"Acr ped","Acr ped","Acr ped",50,0,0,0,0,0,0,0,0,0,0,0,0,0,0,0,"Injipara_13"
745,"Injipara",13,51,188,"Mel pin arn","Mel pin","Mel pin",107,0,0,0,0,0,0,0,0,0,0,0,0,0,0,0,"Injipara_13"
746,"Injipara",13,51,189,"Act ang","Act gul","Act gul",30,0,0,0,0,0,0,0,0,0,0,0,0,0,0,0,"Injipara_13"
747,"Injipara",13,52,190,"Mac pel","Mac pel","Mac pel",142,0,0,0,0,0,0,0,0,0,0,0,0,0,0,0,"Injipara_13"
748,"Injipara",13,52,191,"Per mac","Per mac","Per mac",56,0,0,0,0,0,0,0,0,0,0,0,0,0,0,0,"Injipara_13"
749,"Injipara",14,53,192,"Mac pel","Mac pel","Mac pel",123,0,0,0,0,0,0,0,0,0,0,0,0,0,0,0,"Injipara_14"
750,"Injipara",14,53,193,"Tri con","Hey tri","Hey tri",90,0,0,0,0,0,0,0,0,0,0,0,0,0,0,0,"Injipara_14"
751,"Injipara",14,53,194,"Spa com","Spa cam","Spa cam",72,0,0,0,0,0,0,0,0,0,0,0,0,0,0,0,"Injipara_14"
752,"Injipara",14,53,195,"Mac pel","Mac pel","Mac pel",47,0,0,0,0,0,0,0,0,0,0,0,0,0,0,0,"Injipara_14"
753,"Injipara",14,53,196,"Eucalyptus","Euc sp.","Euc sp.",80,0,0,0,0,0,0,0,0,0,0,0,0,0,0,0,"Injipara_14"
754,"Injipara",14,54,197,"Mac pel","Mac pel","Mac pel",105,0,0,0,0,0,0,0,0,0,0,0,0,0,0,0,"Injipara_14"
755,"Injipara",14,54,198,"Per mac","Per mac","Per mac",50,0,0,0,0,0,0,0,0,0,0,0,0,0,0,0,"Injipara_14"
756,"Injipara",14,54,199,"Not rac","Not rac","Not rac",40,0,0,0,0,0,0,0,0,0,0,0,0,0,0,0,"Injipara_14"
757,"Injipara",14,54,200,"Den sin","Den sin","Den sin",46,24,20,22,19,20,20,23,0,0,0,0,0,0,0,0,"Injipara_14"
758,"Injipara",14,54,201,"Art het","Art het","Art het",312,0,0,0,0,0,0,0,0,0,0,0,0,0,0,0,"Injipara_14"
759,"Injipara",14,55,202,"Spa com","Spa cam","Spa cam",38,0,0,0,0,0,0,0,0,0,0,0,0,0,0,0,"Injipara_14"
760,"Injipara",14,55,203,"Spa com","Spa cam","Spa cam",40,0,0,0,0,0,0,0,0,0,0,0,0,0,0,0,"Injipara_14"
761,"Injipara",14,55,204,"Spa com","Spa cam","Spa cam",30,0,0,0,0,0,0,0,0,0,0,0,0,0,0,0,"Injipara_14"
762,"Injipara",14,56,205,"Spa com","Spa cam","Spa cam",40,0,0,0,0,0,0,0,0,0,0,0,0,0,0,0,"Injipara_14"
763,"Injipara",14,56,206,"Dim lon","Dim lon","Dim lon",110,0,0,0,0,0,0,0,0,0,0,0,0,0,0,0,"Injipara_14"
764,"Injipara",14,56,207,"Acr ped","Acr ped","Acr ped",86,0,0,0,0,0,0,0,0,0,0,0,0,0,0,0,"Injipara_14"
765,"Injipara",14,56,208,"Cle vis","Cle inf","Cle inf",118,0,0,0,0,0,0,0,0,0,0,0,0,0,0,0,"Injipara_14"
766,"Injipara",14,56,209,"Art het","Art het","Art het",182,0,0,0,0,0,0,0,0,0,0,0,0,0,0,0,"Injipara_14"
767,"Injipara",15,57,210,"Mel pin arn","Mel pin","Mel pin",100,0,0,0,0,0,0,0,0,0,0,0,0,0,0,0,"Injipara_15"
768,"Injipara",15,57,211,"Spa com","Spa cam","Spa cam",42,0,0,0,0,0,0,0,0,0,0,0,0,0,0,0,"Injipara_15"
769,"Injipara",15,57,212,"Spa com","Spa cam","Spa cam",57,0,0,0,0,0,0,0,0,0,0,0,0,0,0,0,"Injipara_15"
770,"Injipara",15,57,213,"Spa com","Spa cam","Spa cam",33,0,0,0,0,0,0,0,0,0,0,0,0,0,0,0,"Injipara_15"
771,"Injipara",15,57,214,"Mel pin arn","Mel pin","Mel pin",70,0,0,0,0,0,0,0,0,0,0,0,0,0,0,0,"Injipara_15"
772,"Injipara",15,57,215,"Euo lun","Mel lun","Mel lun",138,0,0,0,0,0,0,0,0,0,0,0,0,0,0,0,"Injipara_15"
773,"Injipara",15,58,216,"Spa com","Spa cam","Spa cam",33,0,0,0,0,0,0,0,0,0,0,0,0,0,0,0,"Injipara_15"
774,"Injipara",15,58,217,"Per mac","Per mac","Per mac",102,0,0,0,0,0,0,0,0,0,0,0,0,0,0,0,"Injipara_15"
775,"Injipara",15,58,218,"Spa com","Spa cam","Spa cam",31,0,0,0,0,0,0,0,0,0,0,0,0,0,0,0,"Injipara_15"
776,"Injipara",15,58,219,"Per mac","Per mac","Per mac",137,0,0,0,0,0,0,0,0,0,0,0,0,0,0,0,"Injipara_15"
777,"Injipara",15,58,220,"Spa com","Spa cam","Spa cam",41,0,0,0,0,0,0,0,0,0,0,0,0,0,0,0,"Injipara_15"
778,"Injipara",15,58,221,"Spa com","Spa cam","Spa cam",39,0,0,0,0,0,0,0,0,0,0,0,0,0,0,0,"Injipara_15"
779,"Injipara",15,58,222,"Mel pin arn","Mel pin","Mel pin",150,0,0,0,0,0,0,0,0,0,0,0,0,0,0,0,"Injipara_15"
780,"Injipara",15,59,223,"Spa com","Spa cam","Spa cam",37,0,0,0,0,0,0,0,0,0,0,0,0,0,0,0,"Injipara_15"
781,"Injipara",15,59,224,"Spa com","Spa cam","Spa cam",35,0,0,0,0,0,0,0,0,0,0,0,0,0,0,0,"Injipara_15"
782,"Injipara",15,59,225,"Ele tub","Ela tub","Ela tub",120,110,0,0,0,0,0,0,0,0,0,0,0,0,0,0,"Injipara_15"
783,"Injipara",15,59,226,"Ery mys","Ery var","Ery var",58,0,0,0,0,0,0,0,0,0,0,0,0,0,0,0,"Injipara_15"
784,"Injipara",15,59,227,"Spa com","Spa cam","Spa cam",32,0,0,0,0,0,0,0,0,0,0,0,0,0,0,0,"Injipara_15"
785,"Injipara",15,59,228,"Ele tub","Ela tub","Ela tub",160,139,80,0,0,0,0,0,0,0,0,0,0,0,0,0,"Injipara_15"
786,"Injipara",15,59,229,"Spa com","Spa cam","Spa cam",47,0,0,0,0,0,0,0,0,0,0,0,0,0,0,0,"Injipara_15"
787,"Injipara",15,59,230,"Spa com","Spa cam","Spa cam",50,0,0,0,0,0,0,0,0,0,0,0,0,0,0,0,"Injipara_15"
788,"Injipara",15,60,231,"Spa com","Spa cam","Spa cam",65,0,0,0,0,0,0,0,0,0,0,0,0,0,0,0,"Injipara_15"
789,"Injipara",15,60,232,"Spa com","Spa cam","Spa cam",51,0,0,0,0,0,0,0,0,0,0,0,0,0,0,0,"Injipara_15"
790,"Injipara",15,60,233,"Spa com","Spa cam","Spa cam",33,0,0,0,0,0,0,0,0,0,0,0,0,0,0,0,"Injipara_15"
791,"Injipara",15,60,234,"Per mac","Per mac","Per mac",98,0,0,0,0,0,0,0,0,0,0,0,0,0,0,0,"Injipara_15"
792,"Injipara",16,61,235,"Eucalyptus","Euc sp.","Euc sp.",165,0,0,0,0,0,0,0,0,0,0,0,0,0,0,0,"Injipara_16"
793,"Injipara",16,61,236,"Spa com","Spa cam","Spa cam",108,34,24,30,25,16,13,0,0,0,0,0,0,0,0,0,"Injipara_16"
794,"Injipara",16,61,237,"Spa com","Spa cam","Spa cam",86,51,0,0,0,0,0,0,0,0,0,0,0,0,0,0,"Injipara_16"
795,"Injipara",16,61,238,"Spa com","Spa cam","Spa cam",43,36,23,24,0,0,0,0,0,0,0,0,0,0,0,0,"Injipara_16"
796,"Injipara",16,61,239,"Spa com","Spa cam","Spa cam",47,37,36,25,0,0,0,0,0,0,0,0,0,0,0,0,"Injipara_16"
797,"Injipara",16,62,240,"Spa com","Spa cam","Spa cam",43,0,0,0,0,0,0,0,0,0,0,0,0,0,0,0,"Injipara_16"
798,"Injipara",16,62,241,"Spa com","Spa cam","Spa cam",67,0,0,0,0,0,0,0,0,0,0,0,0,0,0,0,"Injipara_16"
799,"Injipara",16,62,242,"Spa com","Spa cam","Spa cam",61,32,0,0,0,0,0,0,0,0,0,0,0,0,0,0,"Injipara_16"
800,"Injipara",16,62,243,"Eucalyptus","Euc sp.","Euc sp.",230,0,0,0,0,0,0,0,0,0,0,0,0,0,0,0,"Injipara_16"
801,"Injipara",16,63,244,"Spa com","Spa cam","Spa cam",97,0,0,0,0,0,0,0,0,0,0,0,0,0,0,0,"Injipara_16"
802,"Injipara",16,63,245,"Spa com","Spa cam","Spa cam",39,0,0,0,0,0,0,0,0,0,0,0,0,0,0,0,"Injipara_16"
803,"Injipara",16,63,246,"Spa com","Spa cam","Spa cam",66,0,0,0,0,0,0,0,0,0,0,0,0,0,0,0,"Injipara_16"
804,"Injipara",16,63,247,"Fic his","Fic his","Fic his",49,43,0,0,0,0,0,0,0,0,0,0,0,0,0,0,"Injipara_16"
805,"Injipara",16,63,248,"Spa com","Spa cam","Spa cam",96,87,0,0,0,0,0,0,0,0,0,0,0,0,0,0,"Injipara_16"
806,"Injipara",16,64,249,"Spa com","Spa cam","Spa cam",102,0,0,0,0,0,0,0,0,0,0,0,0,0,0,0,"Injipara_16"
807,"Injipara",16,64,250,"Eucalyptus","Euc sp.","Euc sp.",124,0,0,0,0,0,0,0,0,0,0,0,0,0,0,0,"Injipara_16"
808,"Injipara",16,64,251,"Spa com","Spa cam","Spa cam",120,104,86,52,0,0,0,0,0,0,0,0,0,0,0,0,"Injipara_16"
809,"Injipara",17,65,252,"Spa com","Spa cam","Spa cam",70,0,0,0,0,0,0,0,0,0,0,0,0,0,0,0,"Injipara_17"
810,"Injipara",17,65,253,"Spa com","Spa cam","Spa cam",110,0,0,0,0,0,0,0,0,0,0,0,0,0,0,0,"Injipara_17"
811,"Injipara",17,65,254,"Spa com","Spa cam","Spa cam",84,0,0,0,0,0,0,0,0,0,0,0,0,0,0,0,"Injipara_17"
812,"Injipara",17,65,255,"Spa com","Spa cam","Spa cam",94,0,0,0,0,0,0,0,0,0,0,0,0,0,0,0,"Injipara_17"
813,"Injipara",17,65,256,"Art het","Art het","Art het",232,0,0,0,0,0,0,0,0,0,0,0,0,0,0,0,"Injipara_17"
814,"Injipara",17,65,257,"Spa com","Spa cam","Spa cam",34,0,0,0,0,0,0,0,0,0,0,0,0,0,0,0,"Injipara_17"
815,"Injipara",17,65,258,"Eucalyptus","Euc sp.","Euc sp.",145,0,0,0,0,0,0,0,0,0,0,0,0,0,0,0,"Injipara_17"
816,"Injipara",17,65,259,"Mic cha","Mic cha","Mag cha",53,0,0,0,0,0,0,0,0,0,0,0,0,0,0,0,"Injipara_17"
817,"Injipara",17,65,260,"Spa com","Spa cam","Spa cam",124,0,0,0,0,0,0,0,0,0,0,0,0,0,0,0,"Injipara_17"
818,"Injipara",17,66,261,"Eucalyptus","Euc sp.","Euc sp.",193,0,0,0,0,0,0,0,0,0,0,0,0,0,0,0,"Injipara_17"
819,"Injipara",17,66,262,"Spa com","Spa cam","Spa cam",84,0,0,0,0,0,0,0,0,0,0,0,0,0,0,0,"Injipara_17"
820,"Injipara",17,66,263,"Spa com","Spa cam","Spa cam",110,0,0,0,0,0,0,0,0,0,0,0,0,0,0,0,"Injipara_17"
821,"Injipara",17,66,264,"Eucalyptus","Euc sp.","Euc sp.",200,0,0,0,0,0,0,0,0,0,0,0,0,0,0,0,"Injipara_17"
822,"Injipara",17,67,265,"Spa com","Spa cam","Spa cam",109,94,90,0,0,0,0,0,0,0,0,0,0,0,0,0,"Injipara_17"
823,"Injipara",17,68,266,"Mel pin arn","Mel pin","Mel pin",92,0,0,0,0,0,0,0,0,0,0,0,0,0,0,0,"Injipara_17"
824,"Injipara",17,68,267,"Mel pin arn","Mel pin","Mel pin",103,0,0,0,0,0,0,0,0,0,0,0,0,0,0,0,"Injipara_17"
825,"Injipara",17,68,268,"Eucalyptus","Euc sp.","Euc sp.",216,0,0,0,0,0,0,0,0,0,0,0,0,0,0,0,"Injipara_17"
826,"Injipara",18,69,269,"Eucalyptus","Euc sp.","Euc sp.",173,160,156,0,0,0,0,0,0,0,0,0,0,0,0,0,"Injipara_18"
827,"Injipara",18,69,270,"Eucalyptus","Euc sp.","Euc sp.",118,0,0,0,0,0,0,0,0,0,0,0,0,0,0,0,"Injipara_18"
828,"Injipara",18,70,271,"Mae emi","Mae emi","Mae emi",118,0,0,0,0,0,0,0,0,0,0,0,0,0,0,0,"Injipara_18"
829,"Injipara",18,70,272,"Mae emi","Mae emi","Mae emi",160,0,0,0,0,0,0,0,0,0,0,0,0,0,0,0,"Injipara_18"
830,"Injipara",18,71,273,"Eucalyptus","Euc sp.","Euc sp.",148,0,0,0,0,0,0,0,0,0,0,0,0,0,0,0,"Injipara_18"
831,"Injipara",18,72,274,"Eucalyptus","Euc sp.","Euc sp.",184,0,0,0,0,0,0,0,0,0,0,0,0,0,0,0,"Injipara_18"
832,"Injipara",18,72,275,"Eucalyptus","Euc sp.","Euc sp.",116,0,0,0,0,0,0,0,0,0,0,0,0,0,0,0,"Injipara_18"
833,"Injipara",19,73,276,"Eucalyptus","Euc sp.","Euc sp.",112,0,0,0,0,0,0,0,0,0,0,0,0,0,0,0,"Injipara_19"
834,"Injipara",19,73,277,"Mac pel","Mac pel","Mac pel",108,0,0,0,0,0,0,0,0,0,0,0,0,0,0,0,"Injipara_19"
835,"Injipara",19,73,278,"Eucalyptus","Euc sp.","Euc sp.",105,0,0,0,0,0,0,0,0,0,0,0,0,0,0,0,"Injipara_19"
836,"Injipara",19,73,279,"Eucalyptus","Euc sp.","Euc sp.",76,0,0,0,0,0,0,0,0,0,0,0,0,0,0,0,"Injipara_19"
837,"Injipara",19,74,280,"Eucalyptus","Euc sp.","Euc sp.",214,0,0,0,0,0,0,0,0,0,0,0,0,0,0,0,"Injipara_19"
838,"Injipara",19,74,281,"Eucalyptus","Euc sp.","Euc sp.",142,0,0,0,0,0,0,0,0,0,0,0,0,0,0,0,"Injipara_19"
839,"Injipara",19,74,282,"Eucalyptus","Euc sp.","Euc sp.",140,0,0,0,0,0,0,0,0,0,0,0,0,0,0,0,"Injipara_19"
840,"Injipara",19,74,283,"Eucalyptus","Euc sp.","Euc sp.",175,0,0,0,0,0,0,0,0,0,0,0,0,0,0,0,"Injipara_19"
841,"Injipara",19,75,284,"Eucalyptus","Euc sp.","Euc sp.",100,0,0,0,0,0,0,0,0,0,0,0,0,0,0,0,"Injipara_19"
842,"Injipara",19,75,285,"Eucalyptus","Euc sp.","Euc sp.",97,0,0,0,0,0,0,0,0,0,0,0,0,0,0,0,"Injipara_19"
843,"Injipara",19,75,286,"Eucalyptus","Euc sp.","Euc sp.",92,88,0,0,0,0,0,0,0,0,0,0,0,0,0,0,"Injipara_19"
844,"Injipara",19,75,287,"Eucalyptus","Euc sp.","Euc sp.",92,0,0,0,0,0,0,0,0,0,0,0,0,0,0,0,"Injipara_19"
845,"Injipara",19,75,288,"Eucalyptus","Euc sp.","Euc sp.",178,0,0,0,0,0,0,0,0,0,0,0,0,0,0,0,"Injipara_19"
846,"Injipara",19,76,289,"Eucalyptus","Euc sp.","Euc sp.",140,0,0,0,0,0,0,0,0,0,0,0,0,0,0,0,"Injipara_19"
847,"Injipara",20,77,290,"Ste gut","Ste gut","Ste gut",197,0,0,0,0,0,0,0,0,0,0,0,0,0,0,0,"Injipara_20"
848,"Injipara",20,77,291,"Spa com","Spa cam","Spa cam",39,21,0,0,0,0,0,0,0,0,0,0,0,0,0,0,"Injipara_20"
849,"Injipara",20,77,292,"Mac pel","Mac pel","Mac pel",165,0,0,0,0,0,0,0,0,0,0,0,0,0,0,0,"Injipara_20"
850,"Injipara",20,77,293,"Spa com","Spa cam","Spa cam",38,10,10,8,0,0,0,0,0,0,0,0,0,0,0,0,"Injipara_20"
851,"Injipara",20,78,294,"Spa com","Spa cam","Spa cam",47,15,0,0,0,0,0,0,0,0,0,0,0,0,0,0,"Injipara_20"
852,"Injipara",20,78,295,"Spa com","Spa cam","Spa cam",53,25,15,0,0,0,0,0,0,0,0,0,0,0,0,0,"Injipara_20"
853,"Injipara",20,78,296,"Eucalyptus","Euc sp.","Euc sp.",105,0,0,0,0,0,0,0,0,0,0,0,0,0,0,0,"Injipara_20"
854,"Injipara",20,78,297,"Ste gut","Ste gut","Ste gut",104,0,0,0,0,0,0,0,0,0,0,0,0,0,0,0,"Injipara_20"
855,"Injipara",20,78,298,"Tet nud","Tet nud","Tet nud",480,0,0,0,0,0,0,0,0,0,0,0,0,0,0,0,"Injipara_20"
856,"Injipara",20,78,299,"Bom cei","Bom cei","Bom cei",42,0,0,0,0,0,0,0,0,0,0,0,0,0,0,0,"Injipara_20"
857,"Injipara",20,79,300,"Tri con","Hey tri","Hey tri",90,0,0,0,0,0,0,0,0,0,0,0,0,0,0,0,"Injipara_20"
858,"Injipara",20,79,301,"Mac pel","Mac pel","Mac pel",136,0,0,0,0,0,0,0,0,0,0,0,0,0,0,0,"Injipara_20"
859,"Injipara",20,79,302,"Spa com","Spa cam","Spa cam",40,0,0,0,0,0,0,0,0,0,0,0,0,0,0,0,"Injipara_20"
860,"Injipara",20,79,303,"Art het","Art het","Art het",171,0,0,0,0,0,0,0,0,0,0,0,0,0,0,0,"Injipara_20"
861,"Injipara",20,79,304,"Ste gut","Ste gut","Ste gut",187,0,0,0,0,0,0,0,0,0,0,0,0,0,0,0,"Injipara_20"
862,"Injipara",20,79,305,"Dim lon","Dim lon","Dim lon",157,0,0,0,0,0,0,0,0,0,0,0,0,0,0,0,"Injipara_20"
863,"Injipara",20,80,306,"Eucalyptus","Euc sp.","Euc sp.",109,0,0,0,0,0,0,0,0,0,0,0,0,0,0,0,"Injipara_20"
864,"Injipara",20,80,307,"Spa com","Spa cam","Spa cam",55,0,0,0,0,0,0,0,0,0,0,0,0,0,0,0,"Injipara_20"
865,"Old_Valparai",1,1,1,"Ore int","Ore int","Ore int",97,1,0,0,0,0,0,0,0,0,0,0,0,0,0,0,"Old_Valparai_1"
866,"Old_Valparai",1,1,2,"Lit gla","Lit ole","Lit nig",235,0,0,0,0,0,0,0,0,0,0,0,0,0,0,0,"Old_Valparai_1"
867,"Old_Valparai",1,1,3,"Glo ell","Glo ell","Glo ell",83,0,0,0,0,0,0,0,0,0,0,0,0,0,0,0,"Old_Valparai_1"
868,"Old_Valparai",1,1,4,"Art het","Art het","Art het",260,0,0,0,0,0,0,0,0,0,0,0,0,0,0,0,"Old_Valparai_1"
869,"Old_Valparai",1,1,5,"Cul exa","Cul exa","Cul exa",280,0,0,0,0,0,0,0,0,0,0,0,0,0,0,0,"Old_Valparai_1"
870,"Old_Valparai",1,1,6,"Mae emi","Mae emi","Mae emi",50,0,0,0,0,0,0,0,0,0,0,0,0,0,0,0,"Old_Valparai_1"
871,"Old_Valparai",1,2,7,"Cry bou","Cry wig","Cry wig",210,0,0,0,0,0,0,0,0,0,0,0,0,0,0,0,"Old_Valparai_1"
872,"Old_Valparai",1,2,8,"Fic ner","Fic ner","Fic ner",47,0,0,0,0,0,0,0,0,0,0,0,0,0,0,0,"Old_Valparai_1"
873,"Old_Valparai",1,2,9,"Myr dac","Myr dac","Myr bed",155,0,0,0,0,0,0,0,0,0,0,0,0,0,0,0,"Old_Valparai_1"
874,"Old_Valparai",1,2,10,"Hol nig","Hol nig","Hol nig",102,0,0,0,0,0,0,0,0,0,0,0,0,0,0,0,"Old_Valparai_1"
875,"Old_Valparai",1,2,11,"Ant men","Ant mon","Ant mon",100,0,0,0,0,0,0,0,0,0,0,0,0,0,0,0,"Old_Valparai_1"
876,"Old_Valparai",1,3,12,"Ore int","Ore int","Ore int",61,43,0,0,0,0,0,0,0,0,0,0,0,0,0,0,"Old_Valparai_1"
877,"Old_Valparai",1,4,13,"Too cil","Too cil","Too cil",242,0,0,0,0,0,0,0,0,0,0,0,0,0,0,0,"Old_Valparai_1"
878,"Old_Valparai",2,5,14,"Lit flo","Lit flo","Lit flo",43,0,0,0,0,0,0,0,0,0,0,0,0,0,0,0,"Old_Valparai_2"
879,"Old_Valparai",2,5,15,"Ard rha","Ard rho","Ard rho",33,0,0,0,0,0,0,0,0,0,0,0,0,0,0,0,"Old_Valparai_2"
880,"Old_Valparai",2,5,16,"Ore int","Ore int","Ore int",30,0,0,0,0,0,0,0,0,0,0,0,0,0,0,0,"Old_Valparai_2"
881,"Old_Valparai",2,5,17,"Hyd pen","Hyd pen","Hyd pen",175,0,0,0,0,0,0,0,0,0,0,0,0,0,0,0,"Old_Valparai_2"
882,"Old_Valparai",2,5,18,"Ard rha","Ard rho","Ard rho",32,0,0,0,0,0,0,0,0,0,0,0,0,0,0,0,"Old_Valparai_2"
883,"Old_Valparai",2,6,19,"Cul exa","Cul exa","Cul exa",375,0,0,0,0,0,0,0,0,0,0,0,0,0,0,0,"Old_Valparai_2"
884,"Old_Valparai",2,6,20,"Ore int","Ore int","Ore int",36,31,30,25,30,0,0,0,0,0,0,0,0,0,0,0,"Old_Valparai_2"
885,"Old_Valparai",2,7,21,"Pal ell","Pal ell","Pal ell",235,0,0,0,0,0,0,0,0,0,0,0,0,0,0,0,"Old_Valparai_2"
886,"Old_Valparai",2,7,22,"Ore int","Ore int","Ore int",36,0,0,0,0,0,0,0,0,0,0,0,0,0,0,0,"Old_Valparai_2"
887,"Old_Valparai",2,7,23,"Den sin","Den sin","Den sin",43,0,0,0,0,0,0,0,0,0,0,0,0,0,0,0,"Old_Valparai_2"
888,"Old_Valparai",2,7,24,"Hol nig","Hol nig","Hol nig",190,0,0,0,0,0,0,0,0,0,0,0,0,0,0,0,"Old_Valparai_2"
889,"Old_Valparai",2,7,25,"Pal ell","Pal ell","Pal ell",185,0,0,0,0,0,0,0,0,0,0,0,0,0,0,0,"Old_Valparai_2"
890,"Old_Valparai",2,7,26,"Ore int","Ore int","Ore int",47,0,0,0,0,0,0,0,0,0,0,0,0,0,0,0,"Old_Valparai_2"
891,"Old_Valparai",2,7,27,"Ore int","Ore int","Ore int",59,0,0,0,0,0,0,0,0,0,0,0,0,0,0,0,"Old_Valparai_2"
892,"Old_Valparai",2,8,28,"Fic ner","Fic ner","Fic ner",71,0,0,0,0,0,0,0,0,0,0,0,0,0,0,0,"Old_Valparai_2"
893,"Old_Valparai",2,8,29,"Art het","Art het","Art het",175,0,0,0,0,0,0,0,0,0,0,0,0,0,0,0,"Old_Valparai_2"
894,"Old_Valparai",2,8,30,"Ore int","Ore int","Ore int",40,34,33,0,0,0,0,0,0,0,0,0,0,0,0,0,"Old_Valparai_2"
895,"Old_Valparai",2,8,31,"Ore int","Ore int","Ore int",46,0,0,0,0,0,0,0,0,0,0,0,0,0,0,0,"Old_Valparai_2"
896,"Old_Valparai",2,8,32,"Ore int","Ore int","Ore int",64,0,0,0,0,0,0,0,0,0,0,0,0,0,0,0,"Old_Valparai_2"
897,"Old_Valparai",2,8,33,"Mae ind","Mae ind","Mae ind",35,0,0,0,0,0,0,0,0,0,0,0,0,0,0,0,"Old_Valparai_2"
898,"Old_Valparai",2,8,34,"Ore int","Ore int","Ore int",101,25,20,10,0,0,0,0,0,0,0,0,0,0,0,0,"Old_Valparai_2"
899,"Old_Valparai",3,9,35,"Cul exa","Cul exa","Cul exa",430,0,0,0,0,0,0,0,0,0,0,0,0,0,0,0,"Old_Valparai_3"
900,"Old_Valparai",3,9,36,"Bhe ind","Bhe ind","Bhe ind",124,0,0,0,0,0,0,0,0,0,0,0,0,0,0,0,"Old_Valparai_3"
901,"Old_Valparai",3,9,37,"Ore int","Ore int","Ore int",31,0,0,0,0,0,0,0,0,0,0,0,0,0,0,0,"Old_Valparai_3"
902,"Old_Valparai",3,9,38,"Den sin","Den sin","Den sin",39,0,0,0,0,0,0,0,0,0,0,0,0,0,0,0,"Old_Valparai_3"
903,"Old_Valparai",3,9,39,"Ore int","Ore int","Ore int",62,0,0,0,0,0,0,0,0,0,0,0,0,0,0,0,"Old_Valparai_3"
904,"Old_Valparai",3,10,40,"Ore int","Ore int","Ore int",46,0,0,0,0,0,0,0,0,0,0,0,0,0,0,0,"Old_Valparai_3"
905,"Old_Valparai",3,10,41,"Ore int","Ore int","Ore int",74,50,0,0,0,0,0,0,0,0,0,0,0,0,0,0,"Old_Valparai_3"
906,"Old_Valparai",3,10,42,"Ore int","Ore int","Ore int",54,0,0,0,0,0,0,0,0,0,0,0,0,0,0,0,"Old_Valparai_3"
907,"Old_Valparai",3,11,43,"Art het","Art het","Art het",230,0,0,0,0,0,0,0,0,0,0,0,0,0,0,0,"Old_Valparai_3"
908,"Old_Valparai",3,11,44,"Ore int","Ore int","Ore int",87,0,0,0,0,0,0,0,0,0,0,0,0,0,0,0,"Old_Valparai_3"
909,"Old_Valparai",3,11,45,"Ore int","Ore int","Ore int",46,0,0,0,0,0,0,0,0,0,0,0,0,0,0,0,"Old_Valparai_3"
910,"Old_Valparai",3,11,46,"Ore int","Ore int","Ore int",67,61,0,0,0,0,0,0,0,0,0,0,0,0,0,0,"Old_Valparai_3"
911,"Old_Valparai",3,11,47,"Iso lan","Iso lan","Iso lan",130,0,0,0,0,0,0,0,0,0,0,0,0,0,0,0,"Old_Valparai_3"
912,"Old_Valparai",3,11,48,"Ore int","Ore int","Ore int",64,0,0,0,0,0,0,0,0,0,0,0,0,0,0,0,"Old_Valparai_3"
913,"Old_Valparai",3,11,49,"Ore int","Ore int","Ore int",77,0,0,0,0,0,0,0,0,0,0,0,0,0,0,0,"Old_Valparai_3"
914,"Old_Valparai",3,12,50,"Can str","Can str","Can str",380,0,0,0,0,0,0,0,0,0,0,0,0,0,0,0,"Old_Valparai_3"
915,"Old_Valparai",3,12,51,"Pal ell","Pal ell","Pal ell",175,0,0,0,0,0,0,0,0,0,0,0,0,0,0,0,"Old_Valparai_3"
916,"Old_Valparai",3,12,52,"Den sin","Den sin","Den sin",45,27,0,0,0,0,0,0,0,0,0,0,0,0,0,0,"Old_Valparai_3"
917,"Old_Valparai",3,12,53,"Pal ell","Pal ell","Pal ell",170,0,0,0,0,0,0,0,0,0,0,0,0,0,0,0,"Old_Valparai_3"
918,"Old_Valparai",4,13,54,"Mae ind","Mae ind","Mae ind",40,0,0,0,0,0,0,0,0,0,0,0,0,0,0,0,"Old_Valparai_4"
919,"Old_Valparai",4,13,55,"Hol nig","Hol nig","Hol nig",205,0,0,0,0,0,0,0,0,0,0,0,0,0,0,0,"Old_Valparai_4"
920,"Old_Valparai",4,13,56,"Ore int","Ore int","Ore int",31,0,0,0,0,0,0,0,0,0,0,0,0,0,0,0,"Old_Valparai_4"
921,"Old_Valparai",4,13,57,"Cle vis","Cle inf","Cle inf",39,0,0,0,0,0,0,0,0,0,0,0,0,0,0,0,"Old_Valparai_4"
922,"Old_Valparai",4,14,58,"Ore int","Ore int","Ore int",60,0,0,0,0,0,0,0,0,0,0,0,0,0,0,0,"Old_Valparai_4"
923,"Old_Valparai",4,14,59,"Myr dac","Myr dac","Myr bed",190,0,0,0,0,0,0,0,0,0,0,0,0,0,0,0,"Old_Valparai_4"
924,"Old_Valparai",4,14,60,"Dry mal","Dry mal","Dry mal",150,0,0,0,0,0,0,0,0,0,0,0,0,0,0,0,"Old_Valparai_4"
925,"Old_Valparai",4,14,61,"Pal ell","Pal ell","Pal ell",530,0,0,0,0,0,0,0,0,0,0,0,0,0,0,0,"Old_Valparai_4"
926,"Old_Valparai",4,14,62,"Dio ass","Dio ass","Dio ebe",200,0,0,0,0,0,0,0,0,0,0,0,0,0,0,0,"Old_Valparai_4"
927,"Old_Valparai",4,14,63,"Ore int","Ore int","Ore int",43,0,0,0,0,0,0,0,0,0,0,0,0,0,0,0,"Old_Valparai_4"
928,"Old_Valparai",4,15,64,"Cle vis","Cle inf","Cle inf",37,0,0,0,0,0,0,0,0,0,0,0,0,0,0,0,"Old_Valparai_4"
929,"Old_Valparai",4,15,65,"Hol nig","Hol nig","Hol nig",150,0,0,0,0,0,0,0,0,0,0,0,0,0,0,0,"Old_Valparai_4"
930,"Old_Valparai",4,15,66,"Cle vis","Cle inf","Cle inf",32,0,0,0,0,0,0,0,0,0,0,0,0,0,0,0,"Old_Valparai_4"
931,"Old_Valparai",4,15,67,"Cle vis","Cle inf","Cle inf",33,0,0,0,0,0,0,0,0,0,0,0,0,0,0,0,"Old_Valparai_4"
932,"Old_Valparai",4,15,68,"Den sin","Den sin","Den sin",35,0,0,0,0,0,0,0,0,0,0,0,0,0,0,0,"Old_Valparai_4"
933,"Old_Valparai",4,15,69,"Cin sul","Cin sul","Cin sul",32,0,0,0,0,0,0,0,0,0,0,0,0,0,0,0,"Old_Valparai_4"
934,"Old_Valparai",4,15,70,"Den sin","Den sin","Den sin",35,0,0,0,0,0,0,0,0,0,0,0,0,0,0,0,"Old_Valparai_4"
935,"Old_Valparai",4,15,71,"Cle vis","Cle inf","Cle inf",44,0,0,0,0,0,0,0,0,0,0,0,0,0,0,0,"Old_Valparai_4"
936,"Old_Valparai",4,16,72,"Ore int","Ore int","Ore int",37,0,0,0,0,0,0,0,0,0,0,0,0,0,0,0,"Old_Valparai_4"
937,"Old_Valparai",4,16,73,"Den sin","Den sin","Den sin",41,0,0,0,0,0,0,0,0,0,0,0,0,0,0,0,"Old_Valparai_4"
938,"Old_Valparai",4,16,74,"Pal ell","Pal ell","Pal ell",165,0,0,0,0,0,0,0,0,0,0,0,0,0,0,0,"Old_Valparai_4"
939,"Old_Valparai",4,16,75,"Ore int","Ore int","Ore int",61,41,43,0,0,0,0,0,0,0,0,0,0,0,0,0,"Old_Valparai_4"
940,"Old_Valparai",5,17,76,"Den sin","Den sin","Den sin",56,0,0,0,0,0,0,0,0,0,0,0,0,0,0,0,"Old_Valparai_5"
941,"Old_Valparai",5,17,77,"Ore int","Ore int","Ore int",30,20,20,17,0,0,0,0,0,0,0,0,0,0,0,0,"Old_Valparai_5"
942,"Old_Valparai",5,17,78,"Ore int","Ore int","Ore int",39,18,26,15,0,0,0,0,0,0,0,0,0,0,0,0,"Old_Valparai_5"
943,"Old_Valparai",5,17,79,"Den sin","Den sin","Den sin",64,0,0,0,0,0,0,0,0,0,0,0,0,0,0,0,"Old_Valparai_5"
944,"Old_Valparai",5,17,80,"Pal ell","Pal ell","Pal ell",215,0,0,0,0,0,0,0,0,0,0,0,0,0,0,0,"Old_Valparai_5"
945,"Old_Valparai",5,17,81,"Ore int","Ore int","Ore int",33,16,19,21,0,0,0,0,0,0,0,0,0,0,0,0,"Old_Valparai_5"
946,"Old_Valparai",5,17,82,"Den sin","Den sin","Den sin",53,28,22,0,0,0,0,0,0,0,0,0,0,0,0,0,"Old_Valparai_5"
947,"Old_Valparai",5,17,83,"Ore int","Ore int","Ore int",39,20,16,0,0,0,0,0,0,0,0,0,0,0,0,0,"Old_Valparai_5"
948,"Old_Valparai",5,17,84,"Pal ell","Pal ell","Pal ell",260,0,0,0,0,0,0,0,0,0,0,0,0,0,0,0,"Old_Valparai_5"
949,"Old_Valparai",5,17,85,"Ore int","Ore int","Ore int",37,13,0,0,0,0,0,0,0,0,0,0,0,0,0,0,"Old_Valparai_5"
950,"Old_Valparai",5,18,86,"Ore int","Ore int","Ore int",46,20,0,0,0,0,0,0,0,0,0,0,0,0,0,0,"Old_Valparai_5"
951,"Old_Valparai",5,18,87,"Ore int","Ore int","Ore int",33,0,0,0,0,0,0,0,0,0,0,0,0,0,0,0,"Old_Valparai_5"
952,"Old_Valparai",5,18,88,"Cul exa","Cul exa","Cul exa",255,0,0,0,0,0,0,0,0,0,0,0,0,0,0,0,"Old_Valparai_5"
953,"Old_Valparai",5,18,89,"Ant men","Ant mon","Ant mon",64,0,0,0,0,0,0,0,0,0,0,0,0,0,0,0,"Old_Valparai_5"
954,"Old_Valparai",5,18,90,"Ant men","Ant mon","Ant mon",93,0,0,0,0,0,0,0,0,0,0,0,0,0,0,0,"Old_Valparai_5"
955,"Old_Valparai",5,18,91,"Cul exa","Cul exa","Cul exa",410,0,0,0,0,0,0,0,0,0,0,0,0,0,0,0,"Old_Valparai_5"
956,"Old_Valparai",5,18,92,"Cle vis","Cle inf","Cle inf",51,0,0,0,0,0,0,0,0,0,0,0,0,0,0,0,"Old_Valparai_5"
957,"Old_Valparai",5,18,93,"Cle vis","Cle inf","Cle inf",68,0,0,0,0,0,0,0,0,0,0,0,0,0,0,0,"Old_Valparai_5"
958,"Old_Valparai",5,19,94,"Den sin","Den sin","Den sin",33,0,0,0,0,0,0,0,0,0,0,0,0,0,0,0,"Old_Valparai_5"
959,"Old_Valparai",5,19,95,"Den sin","Den sin","Den sin",40,0,0,0,0,0,0,0,0,0,0,0,0,0,0,0,"Old_Valparai_5"
960,"Old_Valparai",5,19,96,"Ore int","Ore int","Ore int",66,20,0,0,0,0,0,0,0,0,0,0,0,0,0,0,"Old_Valparai_5"
961,"Old_Valparai",5,19,97,"Ore int","Ore int","Ore int",39,23,21,30,0,0,0,0,0,0,0,0,0,0,0,0,"Old_Valparai_5"
962,"Old_Valparai",5,20,98,"Ore int","Ore int","Ore int",55,19,24,27,0,0,0,0,0,0,0,0,0,0,0,0,"Old_Valparai_5"
963,"Old_Valparai",5,20,99,"Ore int","Ore int","Ore int",31,0,0,0,0,0,0,0,0,0,0,0,0,0,0,0,"Old_Valparai_5"
964,"Old_Valparai",5,20,100,"Ore int","Ore int","Ore int",51,0,0,0,0,0,0,0,0,0,0,0,0,0,0,0,"Old_Valparai_5"
965,"Old_Valparai",5,20,101,"Ore int","Ore int","Ore int",34,23,0,0,0,0,0,0,0,0,0,0,0,0,0,0,"Old_Valparai_5"
966,"Old_Valparai",6,21,102,"Neo zey","Neo zey","Neo zey",185,0,0,0,0,0,0,0,0,0,0,0,0,0,0,0,"Old_Valparai_6"
967,"Old_Valparai",6,21,103,"Ore int","Ore int","Ore int",48,0,0,0,0,0,0,0,0,0,0,0,0,0,0,0,"Old_Valparai_6"
968,"Old_Valparai",6,21,104,"Ore int","Ore int","Ore int",40,0,0,0,0,0,0,0,0,0,0,0,0,0,0,0,"Old_Valparai_6"
969,"Old_Valparai",6,21,105,"Agl exs","Agl exs","Agl exs",60,0,0,0,0,0,0,0,0,0,0,0,0,0,0,0,"Old_Valparai_6"
970,"Old_Valparai",6,21,106,"Ore int","Ore int","Ore int",37,0,0,0,0,0,0,0,0,0,0,0,0,0,0,0,"Old_Valparai_6"
971,"Old_Valparai",6,21,107,"Agl sim","Agl sim","Agl sim",36,0,0,0,0,0,0,0,0,0,0,0,0,0,0,0,"Old_Valparai_6"
972,"Old_Valparai",6,21,108,"Cul exa","Cul exa","Cul exa",345,0,0,0,0,0,0,0,0,0,0,0,0,0,0,0,"Old_Valparai_6"
973,"Old_Valparai",6,21,109,"Den sin","Den sin","Den sin",56,28,0,0,0,0,0,0,0,0,0,0,0,0,0,0,"Old_Valparai_6"
974,"Old_Valparai",6,21,110,"Den sin","Den sin","Den sin",65,0,0,0,0,0,0,0,0,0,0,0,0,0,0,0,"Old_Valparai_6"
975,"Old_Valparai",6,21,111,"Ore int","Ore int","Ore int",30,0,0,0,0,0,0,0,0,0,0,0,0,0,0,0,"Old_Valparai_6"
976,"Old_Valparai",6,22,112,"Den sin","Den sin","Den sin",38,20,0,0,0,0,0,0,0,0,0,0,0,0,0,0,"Old_Valparai_6"
977,"Old_Valparai",6,22,113,"Den sin","Den sin","Den sin",36,18,0,0,0,0,0,0,0,0,0,0,0,0,0,0,"Old_Valparai_6"
978,"Old_Valparai",6,22,114,"Den sin","Den sin","Den sin",61,0,0,0,0,0,0,0,0,0,0,0,0,0,0,0,"Old_Valparai_6"
979,"Old_Valparai",6,22,115,"Art het","Art het","Art het",75,0,0,0,0,0,0,0,0,0,0,0,0,0,0,0,"Old_Valparai_6"
980,"Old_Valparai",6,22,116,"Den sin","Den sin","Den sin",37,0,0,0,0,0,0,0,0,0,0,0,0,0,0,0,"Old_Valparai_6"
981,"Old_Valparai",6,22,117,"Ore int","Ore int","Ore int",44,0,0,0,0,0,0,0,0,0,0,0,0,0,0,0,"Old_Valparai_6"
982,"Old_Valparai",6,22,118,"Cle vis","Cle inf","Cle inf",34,0,0,0,0,0,0,0,0,0,0,0,0,0,0,0,"Old_Valparai_6"
983,"Old_Valparai",6,22,119,"Pal ell","Pal ell","Pal ell",220,0,0,0,0,0,0,0,0,0,0,0,0,0,0,0,"Old_Valparai_6"
984,"Old_Valparai",6,22,120,"Den sin","Den sin","Den sin",37,0,0,0,0,0,0,0,0,0,0,0,0,0,0,0,"Old_Valparai_6"
985,"Old_Valparai",6,22,121,"Agl sim","Agl sim","Agl sim",82,0,0,0,0,0,0,0,0,0,0,0,0,0,0,0,"Old_Valparai_6"
986,"Old_Valparai",6,23,122,"Lit sp","Lit sp.","Lit sp.",32,0,0,0,0,0,0,0,0,0,0,0,0,0,0,0,"Old_Valparai_6"
987,"Old_Valparai",6,23,123,"Den sin","Den sin","Den sin",77,0,0,0,0,0,0,0,0,0,0,0,0,0,0,0,"Old_Valparai_6"
988,"Old_Valparai",6,23,124,"Lit gla","Lit ole","Lit nig",40,0,0,0,0,0,0,0,0,0,0,0,0,0,0,0,"Old_Valparai_6"
989,"Old_Valparai",6,24,125,"Can str","Can str","Can str",365,0,0,0,0,0,0,0,0,0,0,0,0,0,0,0,"Old_Valparai_6"
990,"Old_Valparai",6,24,126,"Cle vis","Cle inf","Cle inf",32,0,0,0,0,0,0,0,0,0,0,0,0,0,0,0,"Old_Valparai_6"
991,"Old_Valparai",6,24,127,"Den sin","Den sin","Den sin",40,20,0,0,0,0,0,0,0,0,0,0,0,0,0,0,"Old_Valparai_6"
992,"Old_Valparai",6,24,128,"Myr dac","Myr dac","Myr bed",42,0,0,0,0,0,0,0,0,0,0,0,0,0,0,0,"Old_Valparai_6"
993,"Old_Valparai",6,24,129,"Den sin","Den sin","Den sin",43,0,0,0,0,0,0,0,0,0,0,0,0,0,0,0,"Old_Valparai_6"
994,"Old_Valparai",6,24,130,"Mac pel","Mac pel","Mac pel",59,0,0,0,0,0,0,0,0,0,0,0,0,0,0,0,"Old_Valparai_6"
995,"Old_Valparai",6,24,131,"Mae ind","Mae ind","Mae ind",35,0,0,0,0,0,0,0,0,0,0,0,0,0,0,0,"Old_Valparai_6"
996,"Old_Valparai",6,24,132,"Cle vis","Cle inf","Cle inf",47,0,0,0,0,0,0,0,0,0,0,0,0,0,0,0,"Old_Valparai_6"
997,"Old_Valparai",6,24,133,"Ore int","Ore int","Ore int",44,18,18,0,0,0,0,0,0,0,0,0,0,0,0,0,"Old_Valparai_6"
998,"Old_Valparai",6,24,134,"Cul exa","Cul exa","Cul exa",175,0,0,0,0,0,0,0,0,0,0,0,0,0,0,0,"Old_Valparai_6"
999,"Old_Valparai",7,25,135,"Cle vis","Cle inf","Cle inf",36,0,0,0,0,0,0,0,0,0,0,0,0,0,0,0,"Old_Valparai_7"
1000,"Old_Valparai",7,25,136,"Apo arn","Apo arn","Apo arn",37,0,0,0,0,0,0,0,0,0,0,0,0,0,0,0,"Old_Valparai_7"
1001,"Old_Valparai",7,25,137,"Lit gla","Lit ole","Lit nig",32,0,0,0,0,0,0,0,0,0,0,0,0,0,0,0,"Old_Valparai_7"
1002,"Old_Valparai",7,26,138,"Syz gar","Syz gar","Syz gar",68,0,0,0,0,0,0,0,0,0,0,0,0,0,0,0,"Old_Valparai_7"
1003,"Old_Valparai",7,26,139,"Per mac","Per mac","Per mac",87,0,0,0,0,0,0,0,0,0,0,0,0,0,0,0,"Old_Valparai_7"
1004,"Old_Valparai",7,26,140,"Tri con","Hey tri","Hey tri",130,0,0,0,0,0,0,0,0,0,0,0,0,0,0,0,"Old_Valparai_7"
1005,"Old_Valparai",7,27,141,"Agl sim","Agl sim","Agl sim",120,0,0,0,0,0,0,0,0,0,0,0,0,0,0,0,"Old_Valparai_7"
1006,"Old_Valparai",7,27,142,"Fic his","Fic his","Fic his",155,0,0,0,0,0,0,0,0,0,0,0,0,0,0,0,"Old_Valparai_7"
1007,"Old_Valparai",7,28,143,"Mel pin arn","Mel pin","Mel pin",135,0,0,0,0,0,0,0,0,0,0,0,0,0,0,0,"Old_Valparai_7"
1008,"Old_Valparai",7,28,144,"Agl sim","Agl sim","Agl sim",94,0,0,0,0,0,0,0,0,0,0,0,0,0,0,0,"Old_Valparai_7"
1009,"Old_Valparai",7,28,145,"Ant men","Ant mon","Ant mon",81,0,0,0,0,0,0,0,0,0,0,0,0,0,0,0,"Old_Valparai_7"
1010,"Old_Valparai",7,28,146,"Mac pel","Mac pel","Mac pel",185,0,0,0,0,0,0,0,0,0,0,0,0,0,0,0,"Old_Valparai_7"
1011,"Old_Valparai",7,28,147,"Can str","Can str","Can str",99,0,0,0,0,0,0,0,0,0,0,0,0,0,0,0,"Old_Valparai_7"
1012,"Old_Valparai",7,28,148,"Mac pel","Mac pel","Mac pel",150,0,0,0,0,0,0,0,0,0,0,0,0,0,0,0,"Old_Valparai_7"
1013,"Old_Valparai",8,29,149,"Art het","Art het","Art het",131,0,0,0,0,0,0,0,0,0,0,0,0,0,0,0,"Old_Valparai_8"
1014,"Old_Valparai",8,29,150,"Ore int","Ore int","Ore int",38,27,0,0,0,0,0,0,0,0,0,0,0,0,0,0,"Old_Valparai_8"
1015,"Old_Valparai",8,29,151,"Art het","Art het","Art het",175,0,0,0,0,0,0,0,0,0,0,0,0,0,0,0,"Old_Valparai_8"
1016,"Old_Valparai",8,29,152,"Den sin","Den sin","Den sin",37,0,0,0,0,0,0,0,0,0,0,0,0,0,0,0,"Old_Valparai_8"
1017,"Old_Valparai",8,29,153,"Cul exa","Cul exa","Cul exa",190,0,0,0,0,0,0,0,0,0,0,0,0,0,0,0,"Old_Valparai_8"
1018,"Old_Valparai",8,30,154,"Ant men","Ant mon","Ant mon",61,0,0,0,0,0,0,0,0,0,0,0,0,0,0,0,"Old_Valparai_8"
1019,"Old_Valparai",8,30,155,"Syz hem","Syz hem","Syz hem",57,0,0,0,0,0,0,0,0,0,0,0,0,0,0,0,"Old_Valparai_8"
1020,"Old_Valparai",8,30,156,"Ore int","Ore int","Ore int",90,0,0,0,0,0,0,0,0,0,0,0,0,0,0,0,"Old_Valparai_8"
1021,"Old_Valparai",8,30,157,"Dry mal","Dry mal","Dry mal",114,0,0,0,0,0,0,0,0,0,0,0,0,0,0,0,"Old_Valparai_8"
1022,"Old_Valparai",8,30,158,"Art het","Art het","Art het",230,0,0,0,0,0,0,0,0,0,0,0,0,0,0,0,"Old_Valparai_8"
1023,"Old_Valparai",8,30,159,"Ore int","Ore int","Ore int",107,34,18,15,15,15,0,0,0,0,0,0,0,0,0,0,"Old_Valparai_8"
1024,"Old_Valparai",8,31,160,"Syz hem","Syz hem","Syz hem",57,0,0,0,0,0,0,0,0,0,0,0,0,0,0,0,"Old_Valparai_8"
1025,"Old_Valparai",8,32,161,"Pal ell","Pal ell","Pal ell",225,0,0,0,0,0,0,0,0,0,0,0,0,0,0,0,"Old_Valparai_8"
1026,"Old_Valparai",8,32,162,"Ore int","Ore int","Ore int",32,27,28,25,0,0,0,0,0,0,0,0,0,0,0,0,"Old_Valparai_8"
1027,"Old_Valparai",8,32,163,"Ore int","Ore int","Ore int",110,48,30,27,0,0,0,0,0,0,0,0,0,0,0,0,"Old_Valparai_8"
1028,"Old_Valparai",9,33,164,"Iso lan","Iso lan","Iso lan",55,0,0,0,0,0,0,0,0,0,0,0,0,0,0,0,"Old_Valparai_9"
1029,"Old_Valparai",9,33,165,"Agl sim","Agl sim","Agl sim",56,0,0,0,0,0,0,0,0,0,0,0,0,0,0,0,"Old_Valparai_9"
1030,"Old_Valparai",9,33,166,"Ore int","Ore int","Ore int",40,0,0,0,0,0,0,0,0,0,0,0,0,0,0,0,"Old_Valparai_9"
1031,"Old_Valparai",9,33,167,"Cul exa","Cul exa","Cul exa",135,0,0,0,0,0,0,0,0,0,0,0,0,0,0,0,"Old_Valparai_9"
1032,"Old_Valparai",9,33,168,"Ore int","Ore int","Ore int",40,27,0,0,0,0,0,0,0,0,0,0,0,0,0,0,"Old_Valparai_9"
1033,"Old_Valparai",9,34,169,"Dim lon","Dim lon","Dim lon",310,0,0,0,0,0,0,0,0,0,0,0,0,0,0,0,"Old_Valparai_9"
1034,"Old_Valparai",9,34,170,"Can str","Can str","Can str",405,0,0,0,0,0,0,0,0,0,0,0,0,0,0,0,"Old_Valparai_9"
1035,"Old_Valparai",9,34,171,"Ant men","Ant mon","Ant mon",83,0,0,0,0,0,0,0,0,0,0,0,0,0,0,0,"Old_Valparai_9"
1036,"Old_Valparai",9,34,172,"Hol nig","Hol nig","Hol nig",148,0,0,0,0,0,0,0,0,0,0,0,0,0,0,0,"Old_Valparai_9"
1037,"Old_Valparai",9,34,173,"Cul exa","Cul exa","Cul exa",320,0,0,0,0,0,0,0,0,0,0,0,0,0,0,0,"Old_Valparai_9"
1038,"Old_Valparai",9,35,174,"Ore int","Ore int","Ore int",41,30,21,0,0,0,0,0,0,0,0,0,0,0,0,0,"Old_Valparai_9"
1039,"Old_Valparai",9,35,175,"Lit gla","Lit ole","Lit nig",44,0,0,0,0,0,0,0,0,0,0,0,0,0,0,0,"Old_Valparai_9"
1040,"Old_Valparai",9,35,176,"Pal ell","Pal ell","Pal ell",160,0,0,0,0,0,0,0,0,0,0,0,0,0,0,0,"Old_Valparai_9"
1041,"Old_Valparai",9,36,177,"Ore int","Ore int","Ore int",38,28,0,0,0,0,0,0,0,0,0,0,0,0,0,0,"Old_Valparai_9"
1042,"Old_Valparai",9,36,178,"Syz hem","Syz hem","Syz hem",108,0,0,0,0,0,0,0,0,0,0,0,0,0,0,0,"Old_Valparai_9"
1043,"Old_Valparai",9,36,179,"Art het","Art het","Art het",50,0,0,0,0,0,0,0,0,0,0,0,0,0,0,0,"Old_Valparai_9"
1044,"Old_Valparai",9,36,180,"Mac pel","Mac pel","Mac pel",143,0,0,0,0,0,0,0,0,0,0,0,0,0,0,0,"Old_Valparai_9"
1045,"Old_Valparai",10,37,181,"Dim lon","Dim lon","Dim lon",128,0,0,0,0,0,0,0,0,0,0,0,0,0,0,0,"Old_Valparai_10"
1046,"Old_Valparai",10,37,182,"Ant men","Ant mon","Ant mon",70,0,0,0,0,0,0,0,0,0,0,0,0,0,0,0,"Old_Valparai_10"
1047,"Old_Valparai",10,38,183,"Mac pel","Mac pel","Mac pel",132,0,0,0,0,0,0,0,0,0,0,0,0,0,0,0,"Old_Valparai_10"
1048,"Old_Valparai",10,38,184,"Agl sim","Agl sim","Agl sim",73,0,0,0,0,0,0,0,0,0,0,0,0,0,0,0,"Old_Valparai_10"
1049,"Old_Valparai",10,38,185,"Dry mal","Dry mal","Dry mal",134,0,0,0,0,0,0,0,0,0,0,0,0,0,0,0,"Old_Valparai_10"
1050,"Old_Valparai",10,38,186,"Cul exa","Cul exa","Cul exa",480,0,0,0,0,0,0,0,0,0,0,0,0,0,0,0,"Old_Valparai_10"
1051,"Old_Valparai",10,38,187,"Ore int","Ore int","Ore int",37,0,0,0,0,0,0,0,0,0,0,0,0,0,0,0,"Old_Valparai_10"
1052,"Old_Valparai",10,38,188,"Ore int","Ore int","Ore int",38,0,0,0,0,0,0,0,0,0,0,0,0,0,0,0,"Old_Valparai_10"
1053,"Old_Valparai",10,39,189,"Mac pel","Mac pel","Mac pel",75,0,0,0,0,0,0,0,0,0,0,0,0,0,0,0,"Old_Valparai_10"
1054,"Old_Valparai",10,39,190,"Agl sim","Agl sim","Agl sim",83,0,0,0,0,0,0,0,0,0,0,0,0,0,0,0,"Old_Valparai_10"
1055,"Old_Valparai",10,40,191,"Gom cor","Gom cor","Gom cor",90,0,0,0,0,0,0,0,0,0,0,0,0,0,0,0,"Old_Valparai_10"
1056,"Old_Valparai",10,40,192,"Lit bou","Lit bou","Lit bou",34,0,0,0,0,0,0,0,0,0,0,0,0,0,0,0,"Old_Valparai_10"
1057,"Old_Valparai",10,40,193,"Pho pan","Pho pan","Pho pan",48,0,0,0,0,0,0,0,0,0,0,0,0,0,0,0,"Old_Valparai_10"
1058,"Old_Valparai",10,40,194,"Mac pel","Mac pel","Mac pel",140,0,0,0,0,0,0,0,0,0,0,0,0,0,0,0,"Old_Valparai_10"
1059,"Old_Valparai",11,41,195,"Agl sim","Agl sim","Agl sim",85,0,0,0,0,0,0,0,0,0,0,0,0,0,0,0,"Old_Valparai_11"
1060,"Old_Valparai",11,41,196,"Ore int","Ore int","Ore int",41,0,0,0,0,0,0,0,0,0,0,0,0,0,0,0,"Old_Valparai_11"
1061,"Old_Valparai",11,41,197,"Art het","Art het","Art het",210,0,0,0,0,0,0,0,0,0,0,0,0,0,0,0,"Old_Valparai_11"
1062,"Old_Valparai",11,41,198,"Neo zey","Neo zey","Neo zey",39,0,0,0,0,0,0,0,0,0,0,0,0,0,0,0,"Old_Valparai_11"
1063,"Old_Valparai",11,41,199,"Syz hem","Syz hem","Syz hem",43,0,0,0,0,0,0,0,0,0,0,0,0,0,0,0,"Old_Valparai_11"
1064,"Old_Valparai",11,41,200,"Pal ell","Pal ell","Pal ell",200,0,0,0,0,0,0,0,0,0,0,0,0,0,0,0,"Old_Valparai_11"
1065,"Old_Valparai",11,41,201,"Hol nig","Hol nig","Hol nig",130,0,0,0,0,0,0,0,0,0,0,0,0,0,0,0,"Old_Valparai_11"
1066,"Old_Valparai",11,42,202,"Pal ell","Pal ell","Pal ell",230,0,0,0,0,0,0,0,0,0,0,0,0,0,0,0,"Old_Valparai_11"
1067,"Old_Valparai",11,42,203,"Mae emi","Mae emi","Mae emi",65,0,0,0,0,0,0,0,0,0,0,0,0,0,0,0,"Old_Valparai_11"
1068,"Old_Valparai",11,42,204,"Mae ind","Mae ind","Mae ind",31,0,0,0,0,0,0,0,0,0,0,0,0,0,0,0,"Old_Valparai_11"
1069,"Old_Valparai",11,42,205,"Act bou","Act bou","Act bou",43,0,0,0,0,0,0,0,0,0,0,0,0,0,0,0,"Old_Valparai_11"
1070,"Old_Valparai",11,42,206,"Ant men","Ant mon","Ant mon",52,0,0,0,0,0,0,0,0,0,0,0,0,0,0,0,"Old_Valparai_11"
1071,"Old_Valparai",11,43,207,"Mae emi","Mae emi","Mae emi",34,0,0,0,0,0,0,0,0,0,0,0,0,0,0,0,"Old_Valparai_11"
1072,"Old_Valparai",11,43,208,"Cle vis","Cle inf","Cle inf",44,0,0,0,0,0,0,0,0,0,0,0,0,0,0,0,"Old_Valparai_11"
1073,"Old_Valparai",11,43,209,"Pal ell","Pal ell","Pal ell",310,0,0,0,0,0,0,0,0,0,0,0,0,0,0,0,"Old_Valparai_11"
1074,"Old_Valparai",11,43,210,"Ant men","Ant mon","Ant mon",51,0,0,0,0,0,0,0,0,0,0,0,0,0,0,0,"Old_Valparai_11"
1075,"Old_Valparai",11,43,211,"Mas arb","Mas arb","Mas arb",124,0,0,0,0,0,0,0,0,0,0,0,0,0,0,0,"Old_Valparai_11"
1076,"Old_Valparai",11,44,212,"Cle vis","Cle inf","Cle inf",42,0,0,0,0,0,0,0,0,0,0,0,0,0,0,0,"Old_Valparai_11"
1077,"Old_Valparai",11,44,213,"Ver mon","Ver arb","Ver arb",76,0,0,0,0,0,0,0,0,0,0,0,0,0,0,0,"Old_Valparai_11"
1078,"Old_Valparai",12,45,214,"Mae emi","Mae emi","Mae emi",94,34,0,0,0,0,0,0,0,0,0,0,0,0,0,0,"Old_Valparai_12"
1079,"Old_Valparai",12,45,215,"Mac pel","Mac pel","Mac pel",128,0,0,0,0,0,0,0,0,0,0,0,0,0,0,0,"Old_Valparai_12"
1080,"Old_Valparai",12,45,216,"Ele mun","Ela mun","Ela mun",230,0,0,0,0,0,0,0,0,0,0,0,0,0,0,0,"Old_Valparai_12"
1081,"Old_Valparai",12,45,217,"Gom cor","Gom cor","Gom cor",41,0,0,0,0,0,0,0,0,0,0,0,0,0,0,0,"Old_Valparai_12"
1082,"Old_Valparai",12,45,218,"Too cil","Too cil","Too cil",123,0,0,0,0,0,0,0,0,0,0,0,0,0,0,0,"Old_Valparai_12"
1083,"Old_Valparai",12,45,219,"Mae emi","Mae emi","Mae emi",64,60,0,0,0,0,0,0,0,0,0,0,0,0,0,0,"Old_Valparai_12"
1084,"Old_Valparai",12,46,220,"Acr ped","Acr ped","Acr ped",34,0,0,0,0,0,0,0,0,0,0,0,0,0,0,0,"Old_Valparai_12"
1085,"Old_Valparai",12,46,221,"Cle vis","Cle inf","Cle inf",37,0,0,0,0,0,0,0,0,0,0,0,0,0,0,0,"Old_Valparai_12"
1086,"Old_Valparai",12,46,222,"Mel pin arn","Mel pin","Mel pin",150,0,0,0,0,0,0,0,0,0,0,0,0,0,0,0,"Old_Valparai_12"
1087,"Old_Valparai",12,46,223,"Bhe ind","Bhe ind","Bhe ind",40,0,0,0,0,0,0,0,0,0,0,0,0,0,0,0,"Old_Valparai_12"
1088,"Old_Valparai",12,46,224,"Tri con","Hey tri","Hey tri",165,0,0,0,0,0,0,0,0,0,0,0,0,0,0,0,"Old_Valparai_12"
1089,"Old_Valparai",12,47,225,"Dio ass","Dio ass","Dio ebe",34,31,0,0,0,0,0,0,0,0,0,0,0,0,0,0,"Old_Valparai_12"
1090,"Old_Valparai",12,47,226,"Lit flo","Lit flo","Lit flo",40,0,0,0,0,0,0,0,0,0,0,0,0,0,0,0,"Old_Valparai_12"
1091,"Old_Valparai",12,47,227,"Mac pel","Mac pel","Mac pel",87,84,0,0,0,0,0,0,0,0,0,0,0,0,0,0,"Old_Valparai_12"
1092,"Old_Valparai",12,48,228,"Mac pel","Mac pel","Mac pel",84,0,0,0,0,0,0,0,0,0,0,0,0,0,0,0,"Old_Valparai_12"
1093,"Old_Valparai",12,48,229,"Mas arb","Mas arb","Mas arb",40,0,0,0,0,0,0,0,0,0,0,0,0,0,0,0,"Old_Valparai_12"
1094,"Old_Valparai",12,48,230,"Syz hem","Syz hem","Syz hem",32,0,0,0,0,0,0,0,0,0,0,0,0,0,0,0,"Old_Valparai_12"
1095,"Old_Valparai",12,48,231,"Cle vis","Cle inf","Cle inf",41,0,0,0,0,0,0,0,0,0,0,0,0,0,0,0,"Old_Valparai_12"
1096,"Old_Valparai",12,48,232,"Mac pel","Mac pel","Mac pel",96,0,0,0,0,0,0,0,0,0,0,0,0,0,0,0,"Old_Valparai_12"
1097,"Old_Valparai",12,48,233,"Acr ped","Acr ped","Acr ped",51,20,0,0,0,0,0,0,0,0,0,0,0,0,0,0,"Old_Valparai_12"
1098,"Old_Valparai",12,48,234,"Mac pel","Mac pel","Mac pel",117,0,0,0,0,0,0,0,0,0,0,0,0,0,0,0,"Old_Valparai_12"
1099,"Old_Valparai",12,48,235,"Dry mal","Dry mal","Dry mal",50,0,0,0,0,0,0,0,0,0,0,0,0,0,0,0,"Old_Valparai_12"
1100,"Old_Valparai",12,48,236,"Lit flo","Lit flo","Lit flo",57,0,0,0,0,0,0,0,0,0,0,0,0,0,0,0,"Old_Valparai_12"
1101,"Old_Valparai",13,49,237,"Cin sul","Cin sul","Cin sul",185,0,0,0,0,0,0,0,0,0,0,0,0,0,0,0,"Old_Valparai_13"
1102,"Old_Valparai",13,49,238,"Syz hem","Syz hem","Syz hem",57,0,0,0,0,0,0,0,0,0,0,0,0,0,0,0,"Old_Valparai_13"
1103,"Old_Valparai",13,49,239,"Mac pel","Mac pel","Mac pel",84,0,0,0,0,0,0,0,0,0,0,0,0,0,0,0,"Old_Valparai_13"
1104,"Old_Valparai",13,49,240,"Cin mal","Cin mal","Cin mal",53,0,0,0,0,0,0,0,0,0,0,0,0,0,0,0,"Old_Valparai_13"
1105,"Old_Valparai",13,50,241,"Acr ped","Acr ped","Acr ped",72,0,0,0,0,0,0,0,0,0,0,0,0,0,0,0,"Old_Valparai_13"
1106,"Old_Valparai",13,50,242,"Ver mon","Ver arb","Ver arb",190,0,0,0,0,0,0,0,0,0,0,0,0,0,0,0,"Old_Valparai_13"
1107,"Old_Valparai",13,51,243,"Mel pin arn","Mel pin","Mel pin",210,0,0,0,0,0,0,0,0,0,0,0,0,0,0,0,"Old_Valparai_13"
1108,"Old_Valparai",13,51,244,"Ele mun","Ela mun","Ela mun",190,0,0,0,0,0,0,0,0,0,0,0,0,0,0,0,"Old_Valparai_13"
1109,"Old_Valparai",13,51,245,"Myr dac","Myr dac","Myr bed",40,37,0,0,0,0,0,0,0,0,0,0,0,0,0,0,"Old_Valparai_13"
1110,"Old_Valparai",13,51,246,"Ele ser","Ela ser","Ela ser",53,0,0,0,0,0,0,0,0,0,0,0,0,0,0,0,"Old_Valparai_13"
1111,"Old_Valparai",13,52,247,"Euo lun","Mel lun","Mel lun",141,0,0,0,0,0,0,0,0,0,0,0,0,0,0,0,"Old_Valparai_13"
1112,"Old_Valparai",13,52,248,"Cle vis","Cle inf","Cle inf",38,0,0,0,0,0,0,0,0,0,0,0,0,0,0,0,"Old_Valparai_13"
1113,"Old_Valparai",13,52,249,"Can str","Can str","Can str",88,0,0,0,0,0,0,0,0,0,0,0,0,0,0,0,"Old_Valparai_13"
1114,"Old_Valparai",14,53,250,"Cle vis","Cle inf","Cle inf",34,0,0,0,0,0,0,0,0,0,0,0,0,0,0,0,"Old_Valparai_14"
1115,"Old_Valparai",14,54,251,"Mac pel","Mac pel","Mac pel",59,0,0,0,0,0,0,0,0,0,0,0,0,0,0,0,"Old_Valparai_14"
1116,"Old_Valparai",14,54,252,"Euo lun","Mel lun","Mel lun",33,0,0,0,0,0,0,0,0,0,0,0,0,0,0,0,"Old_Valparai_14"
1117,"Old_Valparai",14,54,253,"Art het","Art het","Art het",250,0,0,0,0,0,0,0,0,0,0,0,0,0,0,0,"Old_Valparai_14"
1118,"Old_Valparai",14,55,254,"Mel pin arn","Mel pin","Mel pin",175,0,0,0,0,0,0,0,0,0,0,0,0,0,0,0,"Old_Valparai_14"
1119,"Old_Valparai",14,55,255,"Tri con","Hey tri","Hey tri",127,0,0,0,0,0,0,0,0,0,0,0,0,0,0,0,"Old_Valparai_14"
1120,"Old_Valparai",14,55,256,"Gom cor","Gom cor","Gom cor",67,0,0,0,0,0,0,0,0,0,0,0,0,0,0,0,"Old_Valparai_14"
1121,"Old_Valparai",14,56,257,"Mac pel","Mac pel","Mac pel",132,0,0,0,0,0,0,0,0,0,0,0,0,0,0,0,"Old_Valparai_14"
1122,"Old_Valparai",14,56,258,"Mac pel","Mac pel","Mac pel",117,0,0,0,0,0,0,0,0,0,0,0,0,0,0,0,"Old_Valparai_14"
1123,"Old_Valparai",15,57,259,"Mac pel","Mac pel","Mac pel",80,0,0,0,0,0,0,0,0,0,0,0,0,0,0,0,"Old_Valparai_15"
1124,"Old_Valparai",15,57,260,"Mac pel","Mac pel","Mac pel",110,0,0,0,0,0,0,0,0,0,0,0,0,0,0,0,"Old_Valparai_15"
1125,"Old_Valparai",15,57,261,"Mac pel","Mac pel","Mac pel",130,0,0,0,0,0,0,0,0,0,0,0,0,0,0,0,"Old_Valparai_15"
1126,"Old_Valparai",15,57,262,"Acr ped","Acr ped","Acr ped",80,0,0,0,0,0,0,0,0,0,0,0,0,0,0,0,"Old_Valparai_15"
1127,"Old_Valparai",15,57,263,"Syz den","Syz den","Syz den",38,0,0,0,0,0,0,0,0,0,0,0,0,0,0,0,"Old_Valparai_15"
1128,"Old_Valparai",15,57,264,"Euo lun","Mel lun","Mel lun",173,0,0,0,0,0,0,0,0,0,0,0,0,0,0,0,"Old_Valparai_15"
1129,"Old_Valparai",15,58,265,"Hol nig","Hol nig","Hol nig",98,0,0,0,0,0,0,0,0,0,0,0,0,0,0,0,"Old_Valparai_15"
1130,"Old_Valparai",15,58,266,"Neo scr","Neo scr","Neo scr",134,0,0,0,0,0,0,0,0,0,0,0,0,0,0,0,"Old_Valparai_15"
1131,"Old_Valparai",15,59,267,"Too cil","Too cil","Too cil",125,0,0,0,0,0,0,0,0,0,0,0,0,0,0,0,"Old_Valparai_15"
1132,"Old_Valparai",15,59,268,"Ele mun","Ela mun","Ela mun",270,0,0,0,0,0,0,0,0,0,0,0,0,0,0,0,"Old_Valparai_15"
1133,"Old_Valparai",15,59,269,"Per mac","Per mac","Per mac",125,0,0,0,0,0,0,0,0,0,0,0,0,0,0,0,"Old_Valparai_15"
1134,"Old_Valparai",15,60,270,"Mas arb","Mas arb","Mas arb",35,0,0,0,0,0,0,0,0,0,0,0,0,0,0,0,"Old_Valparai_15"
1135,"Old_Valparai",15,60,271,"Syz den","Syz den","Syz den",77,0,0,0,0,0,0,0,0,0,0,0,0,0,0,0,"Old_Valparai_15"
1136,"Old_Valparai",16,61,272,"Ore int","Ore int","Ore int",87,0,0,0,0,0,0,0,0,0,0,0,0,0,0,0,"Old_Valparai_16"
1137,"Old_Valparai",16,61,273,"Mel pin arn","Mel pin","Mel pin",50,35,0,0,0,0,0,0,0,0,0,0,0,0,0,0,"Old_Valparai_16"
1138,"Old_Valparai",16,61,274,"Den sin","Den sin","Den sin",34,0,0,0,0,0,0,0,0,0,0,0,0,0,0,0,"Old_Valparai_16"
1139,"Old_Valparai",16,61,275,"Dim lon","Dim lon","Dim lon",280,0,0,0,0,0,0,0,0,0,0,0,0,0,0,0,"Old_Valparai_16"
1140,"Old_Valparai",16,61,276,"Fic vir","Fic vir","Fic vir",50,0,0,0,0,0,0,0,0,0,0,0,0,0,0,0,"Old_Valparai_16"
1141,"Old_Valparai",16,61,277,"Ore int","Ore int","Ore int",37,27,0,0,0,0,0,0,0,0,0,0,0,0,0,0,"Old_Valparai_16"
1142,"Old_Valparai",16,62,278,"Agl sim","Agl sim","Agl sim",93,0,0,0,0,0,0,0,0,0,0,0,0,0,0,0,"Old_Valparai_16"
1143,"Old_Valparai",16,62,279,"Dim lon","Dim lon","Dim lon",250,0,0,0,0,0,0,0,0,0,0,0,0,0,0,0,"Old_Valparai_16"
1144,"Old_Valparai",16,63,280,"Ore int","Ore int","Ore int",42,0,0,0,0,0,0,0,0,0,0,0,0,0,0,0,"Old_Valparai_16"
1145,"Old_Valparai",16,63,281,"Ore int","Ore int","Ore int",50,0,0,0,0,0,0,0,0,0,0,0,0,0,0,0,"Old_Valparai_16"
1146,"Old_Valparai",16,63,282,"Per mac","Per mac","Per mac",160,0,0,0,0,0,0,0,0,0,0,0,0,0,0,0,"Old_Valparai_16"
1147,"Old_Valparai",16,63,283,"Mel pin arn","Mel pin","Mel pin",165,0,0,0,0,0,0,0,0,0,0,0,0,0,0,0,"Old_Valparai_16"
1148,"Old_Valparai",16,64,284,"Ore int","Ore int","Ore int",45,0,0,0,0,0,0,0,0,0,0,0,0,0,0,0,"Old_Valparai_16"
1149,"Old_Valparai",16,64,285,"Ore int","Ore int","Ore int",75,0,0,0,0,0,0,0,0,0,0,0,0,0,0,0,"Old_Valparai_16"
1150,"Old_Valparai",16,64,286,"Ore int","Ore int","Ore int",45,0,0,0,0,0,0,0,0,0,0,0,0,0,0,0,"Old_Valparai_16"
1151,"Old_Valparai",17,65,287,"Ore int","Ore int","Ore int",76,23,19,18,13,10,3,3,3,2.5,2,1.5,0,0,0,0,"Old_Valparai_17"
1152,"Old_Valparai",17,65,288,"Dim lon","Dim lon","Dim lon",205,0,0,0,0,0,0,0,0,0,0,0,0,0,0,0,"Old_Valparai_17"
1153,"Old_Valparai",17,65,289,"Den sin","Den sin","Den sin",45,0,0,0,0,0,0,0,0,0,0,0,0,0,0,0,"Old_Valparai_17"
1154,"Old_Valparai",17,66,290,"Ore int","Ore int","Ore int",72,41,0,0,0,0,0,0,0,0,0,0,0,0,0,0,"Old_Valparai_17"
1155,"Old_Valparai",17,66,291,"Dim lon","Dim lon","Dim lon",240,0,0,0,0,0,0,0,0,0,0,0,0,0,0,0,"Old_Valparai_17"
1156,"Old_Valparai",17,66,292,"Ore int","Ore int","Ore int",50,0,0,0,0,0,0,0,0,0,0,0,0,0,0,0,"Old_Valparai_17"
1157,"Old_Valparai",17,66,293,"Den sin","Den sin","Den sin",49,0,0,0,0,0,0,0,0,0,0,0,0,0,0,0,"Old_Valparai_17"
1158,"Old_Valparai",17,66,294,"Ore int","Ore int","Ore int",42,0,0,0,0,0,0,0,0,0,0,0,0,0,0,0,"Old_Valparai_17"
1159,"Old_Valparai",17,66,295,"Den sin","Den sin","Den sin",63,0,0,0,0,0,0,0,0,0,0,0,0,0,0,0,"Old_Valparai_17"
1160,"Old_Valparai",17,67,296,"Ore int","Ore int","Ore int",55,32,0,0,0,0,0,0,0,0,0,0,0,0,0,0,"Old_Valparai_17"
1161,"Old_Valparai",17,67,297,"Ore int","Ore int","Ore int",53,0,0,0,0,0,0,0,0,0,0,0,0,0,0,0,"Old_Valparai_17"
1162,"Old_Valparai",17,67,298,"Ore int","Ore int","Ore int",40,30,0,0,0,0,0,0,0,0,0,0,0,0,0,0,"Old_Valparai_17"
1163,"Old_Valparai",17,67,299,"Mae ind","Mae ind","Mae ind",40,0,0,0,0,0,0,0,0,0,0,0,0,0,0,0,"Old_Valparai_17"
1164,"Old_Valparai",17,68,300,"Pal ell","Pal ell","Pal ell",395,0,0,0,0,0,0,0,0,0,0,0,0,0,0,0,"Old_Valparai_17"
1165,"Old_Valparai",18,69,301,"Den sin","Den sin","Den sin",34,22,21,20,17,12,10,10,3,2,0,0,0,0,0,0,"Old_Valparai_18"
1166,"Old_Valparai",18,69,302,"Ore int","Ore int","Ore int",64,0,0,0,0,0,0,0,0,0,0,0,0,0,0,0,"Old_Valparai_18"
1167,"Old_Valparai",18,69,303,"Ore int","Ore int","Ore int",58,56,0,0,0,0,0,0,0,0,0,0,0,0,0,0,"Old_Valparai_18"
1168,"Old_Valparai",18,69,304,"Ore int","Ore int","Ore int",40,2.5,2,1.5,1.5,1.5,1,0,0,0,0,0,0,0,0,0,"Old_Valparai_18"
1169,"Old_Valparai",18,69,305,"Ore int","Ore int","Ore int",60,26,2.5,2.5,2,2,2,1,0,0,0,0,0,0,0,0,"Old_Valparai_18"
1170,"Old_Valparai",18,69,306,"Tri con","Hey tri","Hey tri",117,0,0,0,0,0,0,0,0,0,0,0,0,0,0,0,"Old_Valparai_18"
1171,"Old_Valparai",18,70,307,"Fic mic","Fic mic","Fic mic",280,0,0,0,0,0,0,0,0,0,0,0,0,0,0,0,"Old_Valparai_18"
1172,"Old_Valparai",18,70,308,"Cul exa","Cul exa","Cul exa",330,0,0,0,0,0,0,0,0,0,0,0,0,0,0,0,"Old_Valparai_18"
1173,"Old_Valparai",18,70,309,"Cul exa","Cul exa","Cul exa",365,0,0,0,0,0,0,0,0,0,0,0,0,0,0,0,"Old_Valparai_18"
1174,"Old_Valparai",18,71,310,"Ore int","Ore int","Ore int",60,0,0,0,0,0,0,0,0,0,0,0,0,0,0,0,"Old_Valparai_18"
1175,"Old_Valparai",18,71,311,"Ore int","Ore int","Ore int",120,0,0,0,0,0,0,0,0,0,0,0,0,0,0,0,"Old_Valparai_18"
1176,"Old_Valparai",18,71,312,"Ore int","Ore int","Ore int",60,0,0,0,0,0,0,0,0,0,0,0,0,0,0,0,"Old_Valparai_18"
1177,"Old_Valparai",18,71,313,"Ore int","Ore int","Ore int",53,27,0,0,0,0,0,0,0,0,0,0,0,0,0,0,"Old_Valparai_18"
1178,"Old_Valparai",18,71,314,"Ore int","Ore int","Ore int",65,0,0,0,0,0,0,0,0,0,0,0,0,0,0,0,"Old_Valparai_18"
1179,"Old_Valparai",18,71,315,"Ore int","Ore int","Ore int",41,36,0,0,0,0,0,0,0,0,0,0,0,0,0,0,"Old_Valparai_18"
1180,"Old_Valparai",18,72,316,"Ore int","Ore int","Ore int",76,0,0,0,0,0,0,0,0,0,0,0,0,0,0,0,"Old_Valparai_18"
1181,"Old_Valparai",18,72,317,"Den sin","Den sin","Den sin",30,0,0,0,0,0,0,0,0,0,0,0,0,0,0,0,"Old_Valparai_18"
1182,"Old_Valparai",18,72,318,"Ore int","Ore int","Ore int",47,46,30,0,0,0,0,0,0,0,0,0,0,0,0,0,"Old_Valparai_18"
1183,"Old_Valparai",19,73,319,"Mel pin arn","Mel pin","Mel pin",210,0,0,0,0,0,0,0,0,0,0,0,0,0,0,0,"Old_Valparai_19"
1184,"Old_Valparai",19,73,320,"Mac pel","Mac pel","Mac pel",245,0,0,0,0,0,0,0,0,0,0,0,0,0,0,0,"Old_Valparai_19"
1185,"Old_Valparai",19,73,321,"Ore int","Ore int","Ore int",42,0,0,0,0,0,0,0,0,0,0,0,0,0,0,0,"Old_Valparai_19"
1186,"Old_Valparai",19,74,322,"Agl exs","Agl exs","Agl exs",77,0,0,0,0,0,0,0,0,0,0,0,0,0,0,0,"Old_Valparai_19"
1187,"Old_Valparai",19,74,323,"Fic exa","Fic exa","Fic exa",200,0,0,0,0,0,0,0,0,0,0,0,0,0,0,0,"Old_Valparai_19"
1188,"Old_Valparai",19,74,324,"Ore int","Ore int","Ore int",43,0,0,0,0,0,0,0,0,0,0,0,0,0,0,0,"Old_Valparai_19"
1189,"Old_Valparai",19,74,325,"Tri con","Hey tri","Hey tri",112,0,0,0,0,0,0,0,0,0,0,0,0,0,0,0,"Old_Valparai_19"
1190,"Old_Valparai",19,75,326,"Agl exs","Agl exs","Agl exs",52,0,0,0,0,0,0,0,0,0,0,0,0,0,0,0,"Old_Valparai_19"
1191,"Old_Valparai",19,75,327,"Cin mal","Cin mal","Cin mal",44,0,0,0,0,0,0,0,0,0,0,0,0,0,0,0,"Old_Valparai_19"
1192,"Old_Valparai",19,75,328,"Hol nig","Hol nig","Hol nig",115,0,0,0,0,0,0,0,0,0,0,0,0,0,0,0,"Old_Valparai_19"
1193,"Old_Valparai",19,75,329,"Mac pel","Mac pel","Mac pel",185,0,0,0,0,0,0,0,0,0,0,0,0,0,0,0,"Old_Valparai_19"
1194,"Old_Valparai",19,76,330,"Cul exa","Cul exa","Cul exa",255,0,0,0,0,0,0,0,0,0,0,0,0,0,0,0,"Old_Valparai_19"
1195,"Old_Valparai",19,76,331,"Pho pan","Pho pan","Pho pan",43,0,0,0,0,0,0,0,0,0,0,0,0,0,0,0,"Old_Valparai_19"
1196,"Old_Valparai",20,77,332,"Cin mal","Cin mal","Cin mal",142,0,0,0,0,0,0,0,0,0,0,0,0,0,0,0,"Old_Valparai_20"
1197,"Old_Valparai",20,77,333,"Bom cei","Bom cei","Bom cei",210,0,0,0,0,0,0,0,0,0,0,0,0,0,0,0,"Old_Valparai_20"
1198,"Old_Valparai",20,77,334,"Mas arb","Mas arb","Mas arb",150,0,0,0,0,0,0,0,0,0,0,0,0,0,0,0,"Old_Valparai_20"
1199,"Old_Valparai",20,77,335,"Ant men","Ant mon","Ant mon",63,0,0,0,0,0,0,0,0,0,0,0,0,0,0,0,"Old_Valparai_20"
1200,"Old_Valparai",20,77,336,"Ver mon","Ver arb","Ver arb",51,0,0,0,0,0,0,0,0,0,0,0,0,0,0,0,"Old_Valparai_20"
1201,"Old_Valparai",20,77,337,"Euo lun","Mel lun","Mel lun",123,28,0,0,0,0,0,0,0,0,0,0,0,0,0,0,"Old_Valparai_20"
1202,"Old_Valparai",20,78,338,"Euo lun","Mel lun","Mel lun",145,0,0,0,0,0,0,0,0,0,0,0,0,0,0,0,"Old_Valparai_20"
1203,"Old_Valparai",20,78,339,"Mac pel","Mac pel","Mac pel",97,0,0,0,0,0,0,0,0,0,0,0,0,0,0,0,"Old_Valparai_20"
1204,"Old_Valparai",20,78,340,"Cle vis","Cle inf","Cle inf",36,0,0,0,0,0,0,0,0,0,0,0,0,0,0,0,"Old_Valparai_20"
1205,"Old_Valparai",20,78,341,"Gom cor","Gom cor","Gom cor",120,0,0,0,0,0,0,0,0,0,0,0,0,0,0,0,"Old_Valparai_20"
1206,"Old_Valparai",20,79,342,"Mac pel","Mac pel","Mac pel",150,0,0,0,0,0,0,0,0,0,0,0,0,0,0,0,"Old_Valparai_20"
1207,"Old_Valparai",20,79,343,"Per mac","Per mac","Per mac",62,0,0,0,0,0,0,0,0,0,0,0,0,0,0,0,"Old_Valparai_20"
1208,"Old_Valparai",20,79,344,"Tri con","Hey tri","Hey tri",102,0,0,0,0,0,0,0,0,0,0,0,0,0,0,0,"Old_Valparai_20"
1209,"Manamboli_Upper",1,1,1,"Mal ste","Mal res","Mal res",32,0,0,0,0,0,0,0,0,0,0,0,0,0,0,0,"Manamboli_Upper_1"
1210,"Manamboli_Upper",1,1,2,"Cro mal","Cro mal","Cro mal",108,0,0,0,0,0,0,0,0,0,0,0,0,0,0,0,"Manamboli_Upper_1"
1211,"Manamboli_Upper",1,1,3,"Hyd alp","Hyd alp","Hyd alp",40,0,0,0,0,0,0,0,0,0,0,0,0,0,0,0,"Manamboli_Upper_1"
1212,"Manamboli_Upper",1,1,4,"Aph pol","Aph pol","Aph pol",77,0,0,0,0,0,0,0,0,0,0,0,0,0,0,0,"Manamboli_Upper_1"
1213,"Manamboli_Upper",1,2,5,"Ant tox","Ant tox","Ant tox",102,0,0,0,0,0,0,0,0,0,0,0,0,0,0,0,"Manamboli_Upper_1"
1214,"Manamboli_Upper",1,2,6,"Pal ell","Pal ell","Pal ell",125,0,0,0,0,0,0,0,0,0,0,0,0,0,0,0,"Manamboli_Upper_1"
1215,"Manamboli_Upper",1,3,7,"Dry ela","Dry ven","Dry wig",72,0,0,0,0,0,0,0,0,0,0,0,0,0,0,0,"Manamboli_Upper_1"
1216,"Manamboli_Upper",1,3,8,"Rei ana","Rei ana","Rei ana",90,0,0,0,0,0,0,0,0,0,0,0,0,0,0,0,"Manamboli_Upper_1"
1217,"Manamboli_Upper",1,3,9,"Pal ell","Pal ell","Pal ell",176,0,0,0,0,0,0,0,0,0,0,0,0,0,0,0,"Manamboli_Upper_1"
1218,"Manamboli_Upper",1,3,10,"Vat ind","Vat ind","Vat ind",130,0,0,0,0,0,0,0,0,0,0,0,0,0,0,0,"Manamboli_Upper_1"
1219,"Manamboli_Upper",1,3,11,"Cul exa","Cul exa","Cul exa",174,0,0,0,0,0,0,0,0,0,0,0,0,0,0,0,"Manamboli_Upper_1"
1220,"Manamboli_Upper",1,3,12,"Pal ell","Pal ell","Pal ell",140,0,0,0,0,0,0,0,0,0,0,0,0,0,0,0,"Manamboli_Upper_1"
1221,"Manamboli_Upper",1,4,13,"Cul exa","Cul exa","Cul exa",145,0,0,0,0,0,0,0,0,0,0,0,0,0,0,0,"Manamboli_Upper_1"
1222,"Manamboli_Upper",1,4,14,"Dry mal","Dry mal","Dry mal",104,0,0,0,0,0,0,0,0,0,0,0,0,0,0,0,"Manamboli_Upper_1"
1223,"Manamboli_Upper",1,4,15,"Cul exa","Cul exa","Cul exa",260,0,0,0,0,0,0,0,0,0,0,0,0,0,0,0,"Manamboli_Upper_1"
1224,"Manamboli_Upper",2,5,16,"Vat ind","Vat ind","Vat ind",146,0,0,0,0,0,0,0,0,0,0,0,0,0,0,0,"Manamboli_Upper_2"
1225,"Manamboli_Upper",2,5,17,"Dry mal","Dry mal","Dry mal",102,0,0,0,0,0,0,0,0,0,0,0,0,0,0,0,"Manamboli_Upper_2"
1226,"Manamboli_Upper",2,5,18,"Vat ind","Vat ind","Vat ind",68,0,0,0,0,0,0,0,0,0,0,0,0,0,0,0,"Manamboli_Upper_2"
1227,"Manamboli_Upper",2,6,19,"Den sin","Den sin","Den sin",154,0,0,0,0,0,0,0,0,0,0,0,0,0,0,0,"Manamboli_Upper_2"
1228,"Manamboli_Upper",2,6,20,"Pal ell","Pal ell","Pal ell",232,0,0,0,0,0,0,0,0,0,0,0,0,0,0,0,"Manamboli_Upper_2"
1229,"Manamboli_Upper",2,6,21,"Ore int","Ore int","Ore int",108,45,32,0,0,0,0,0,0,0,0,0,0,0,0,0,"Manamboli_Upper_2"
1230,"Manamboli_Upper",2,6,22,"Dry mal","Dry mal","Dry mal",99,0,0,0,0,0,0,0,0,0,0,0,0,0,0,0,"Manamboli_Upper_2"
1231,"Manamboli_Upper",2,7,23,"Vat ind","Vat ind","Vat ind",110,0,0,0,0,0,0,0,0,0,0,0,0,0,0,0,"Manamboli_Upper_2"
1232,"Manamboli_Upper",2,7,24,"Pal ell","Pal ell","Pal ell",96,0,0,0,0,0,0,0,0,0,0,0,0,0,0,0,"Manamboli_Upper_2"
1233,"Manamboli_Upper",2,7,25,"Pal ell","Pal ell","Pal ell",150,0,0,0,0,0,0,0,0,0,0,0,0,0,0,0,"Manamboli_Upper_2"
1234,"Manamboli_Upper",2,7,26,"Agr ind","Agr ind","Agr ind",66,0,0,0,0,0,0,0,0,0,0,0,0,0,0,0,"Manamboli_Upper_2"
1235,"Manamboli_Upper",2,8,27,"Ore int","Ore int","Ore int",73,66,56,0,0,0,0,0,0,0,0,0,0,0,0,0,"Manamboli_Upper_2"
1236,"Manamboli_Upper",2,8,28,"Pal ell","Pal ell","Pal ell",119,0,0,0,0,0,0,0,0,0,0,0,0,0,0,0,"Manamboli_Upper_2"
1237,"Manamboli_Upper",2,8,29,"Hol nig","Hol nig","Hol nig",60,0,0,0,0,0,0,0,0,0,0,0,0,0,0,0,"Manamboli_Upper_2"
1238,"Manamboli_Upper",2,8,30,"Ore int","Ore int","Ore int",88,21,20,0,0,0,0,0,0,0,0,0,0,0,0,0,"Manamboli_Upper_2"
1239,"Manamboli_Upper",3,9,31,"Ore int","Ore int","Ore int",58,0,0,0,0,0,0,0,0,0,0,0,0,0,0,0,"Manamboli_Upper_3"
1240,"Manamboli_Upper",3,9,32,"Ore int","Ore int","Ore int",33,0,0,0,0,0,0,0,0,0,0,0,0,0,0,0,"Manamboli_Upper_3"
1241,"Manamboli_Upper",3,9,33,"Den sin","Den sin","Den sin",35,0,0,0,0,0,0,0,0,0,0,0,0,0,0,0,"Manamboli_Upper_3"
1242,"Manamboli_Upper",3,10,34,"Ore int","Ore int","Ore int",76,0,0,0,0,0,0,0,0,0,0,0,0,0,0,0,"Manamboli_Upper_3"
1243,"Manamboli_Upper",3,10,35,"Den sin","Den sin","Den sin",41,0,0,0,0,0,0,0,0,0,0,0,0,0,0,0,"Manamboli_Upper_3"
1244,"Manamboli_Upper",3,10,36,"Ore int","Ore int","Ore int",46,45,43,0,0,0,0,0,0,0,0,0,0,0,0,0,"Manamboli_Upper_3"
1245,"Manamboli_Upper",3,10,37,"Fic bed","Fic bed","Fic bed",410,0,0,0,0,0,0,0,0,0,0,0,0,0,0,0,"Manamboli_Upper_3"
1246,"Manamboli_Upper",3,10,38,"Cul exa","Cul exa","Cul exa",340,0,0,0,0,0,0,0,0,0,0,0,0,0,0,0,"Manamboli_Upper_3"
1247,"Manamboli_Upper",3,11,39,"Agr ind","Agr ind","Agr ind",68,0,0,0,0,0,0,0,0,0,0,0,0,0,0,0,"Manamboli_Upper_3"
1248,"Manamboli_Upper",3,11,40,"Den sin","Den sin","Den sin",35,0,0,0,0,0,0,0,0,0,0,0,0,0,0,0,"Manamboli_Upper_3"
1249,"Manamboli_Upper",3,11,41,"Dio syl","Dio syl","Dio syl",101,0,0,0,0,0,0,0,0,0,0,0,0,0,0,0,"Manamboli_Upper_3"
1250,"Manamboli_Upper",3,11,42,"Cin sul","Cin sul","Cin sul",250,0,0,0,0,0,0,0,0,0,0,0,0,0,0,0,"Manamboli_Upper_3"
1251,"Manamboli_Upper",3,11,43,"Den sin","Den sin","Den sin",43,0,0,0,0,0,0,0,0,0,0,0,0,0,0,0,"Manamboli_Upper_3"
1252,"Manamboli_Upper",3,11,44,"Fah zey","Par pen","Par pen",46,0,0,0,0,0,0,0,0,0,0,0,0,0,0,0,"Manamboli_Upper_3"
1253,"Manamboli_Upper",3,11,45,"Cul exa","Cul exa","Cul exa",90,0,0,0,0,0,0,0,0,0,0,0,0,0,0,0,"Manamboli_Upper_3"
1254,"Manamboli_Upper",3,11,46,"Pal ell","Pal ell","Pal ell",190,0,0,0,0,0,0,0,0,0,0,0,0,0,0,0,"Manamboli_Upper_3"
1255,"Manamboli_Upper",3,11,47,"Ant men","Ant mon","Ant mon",38,0,0,0,0,0,0,0,0,0,0,0,0,0,0,0,"Manamboli_Upper_3"
1256,"Manamboli_Upper",3,11,48,"Cul exa","Cul exa","Cul exa",108,0,0,0,0,0,0,0,0,0,0,0,0,0,0,0,"Manamboli_Upper_3"
1257,"Manamboli_Upper",3,12,49,"Ore int","Ore int","Ore int",39,0,0,0,0,0,0,0,0,0,0,0,0,0,0,0,"Manamboli_Upper_3"
1258,"Manamboli_Upper",3,12,50,"Dry mal","Dry mal","Dry mal",83,0,0,0,0,0,0,0,0,0,0,0,0,0,0,0,"Manamboli_Upper_3"
1259,"Manamboli_Upper",3,12,51,"Dys mal","Dys mal","Dys mal",210,0,0,0,0,0,0,0,0,0,0,0,0,0,0,0,"Manamboli_Upper_3"
1260,"Manamboli_Upper",3,12,52,"Cro mal","Cro mal","Cro mal",125,0,0,0,0,0,0,0,0,0,0,0,0,0,0,0,"Manamboli_Upper_3"
1261,"Manamboli_Upper",3,12,53,"Tur mal","Tur mal","Tur mal",94,0,0,0,0,0,0,0,0,0,0,0,0,0,0,0,"Manamboli_Upper_3"
1262,"Manamboli_Upper",4,13,54,"Ore int","Ore int","Ore int",65,0,0,0,0,0,0,0,0,0,0,0,0,0,0,0,"Manamboli_Upper_4"
1263,"Manamboli_Upper",4,13,55,"Agr ind","Agr ind","Agr ind",62,0,0,0,0,0,0,0,0,0,0,0,0,0,0,0,"Manamboli_Upper_4"
1264,"Manamboli_Upper",4,13,56,"Dio bou","Dio bou","Dio bou",87,0,0,0,0,0,0,0,0,0,0,0,0,0,0,0,"Manamboli_Upper_4"
1265,"Manamboli_Upper",4,13,57,"Fah zey","Par pen","Par pen",175,0,0,0,0,0,0,0,0,0,0,0,0,0,0,0,"Manamboli_Upper_4"
1266,"Manamboli_Upper",4,13,58,"Ore int","Ore int","Ore int",46,0,0,0,0,0,0,0,0,0,0,0,0,0,0,0,"Manamboli_Upper_4"
1267,"Manamboli_Upper",4,13,59,"Pal ell","Pal ell","Pal ell",195,0,0,0,0,0,0,0,0,0,0,0,0,0,0,0,"Manamboli_Upper_4"
1268,"Manamboli_Upper",4,14,60,"Vat ind","Vat ind","Vat ind",38,0,0,0,0,0,0,0,0,0,0,0,0,0,0,0,"Manamboli_Upper_4"
1269,"Manamboli_Upper",4,14,61,"Cro mal","Cro mal","Cro mal",111,0,0,0,0,0,0,0,0,0,0,0,0,0,0,0,"Manamboli_Upper_4"
1270,"Manamboli_Upper",4,14,62,"Cul exa","Cul exa","Cul exa",390,0,0,0,0,0,0,0,0,0,0,0,0,0,0,0,"Manamboli_Upper_4"
1271,"Manamboli_Upper",4,14,63,"Cul exa","Cul exa","Cul exa",175,0,0,0,0,0,0,0,0,0,0,0,0,0,0,0,"Manamboli_Upper_4"
1272,"Manamboli_Upper",4,14,64,"Den sin","Den sin","Den sin",41,34,0,0,0,0,0,0,0,0,0,0,0,0,0,0,"Manamboli_Upper_4"
1273,"Manamboli_Upper",4,14,65,"Vat ind","Vat ind","Vat ind",50,0,0,0,0,0,0,0,0,0,0,0,0,0,0,0,"Manamboli_Upper_4"
1274,"Manamboli_Upper",4,14,66,"Pal ell","Pal ell","Pal ell",125,0,0,0,0,0,0,0,0,0,0,0,0,0,0,0,"Manamboli_Upper_4"
1275,"Manamboli_Upper",4,14,67,"Man ind","Man ind","Man ind",78,0,0,0,0,0,0,0,0,0,0,0,0,0,0,0,"Manamboli_Upper_4"
1276,"Manamboli_Upper",4,15,68,"Hol nig","Hol nig","Hol nig",70,0,0,0,0,0,0,0,0,0,0,0,0,0,0,0,"Manamboli_Upper_4"
1277,"Manamboli_Upper",4,15,69,"Ant men","Ant mon","Ant mon",52,0,0,0,0,0,0,0,0,0,0,0,0,0,0,0,"Manamboli_Upper_4"
1278,"Manamboli_Upper",4,15,70,"Ore int","Ore int","Ore int",47,0,0,0,0,0,0,0,0,0,0,0,0,0,0,0,"Manamboli_Upper_4"
1279,"Manamboli_Upper",4,15,71,"Agl sim","Agl sim","Agl sim",34,0,0,0,0,0,0,0,0,0,0,0,0,0,0,0,"Manamboli_Upper_4"
1280,"Manamboli_Upper",4,15,72,"Pal ell","Pal ell","Pal ell",158,0,0,0,0,0,0,0,0,0,0,0,0,0,0,0,"Manamboli_Upper_4"
1281,"Manamboli_Upper",4,15,73,"Ore int","Ore int","Ore int",40,0,0,0,0,0,0,0,0,0,0,0,0,0,0,0,"Manamboli_Upper_4"
1282,"Manamboli_Upper",4,15,74,"Mes fer","Mes fer","Mes fer",170,0,0,0,0,0,0,0,0,0,0,0,0,0,0,0,"Manamboli_Upper_4"
1283,"Manamboli_Upper",4,15,75,"Pal ell","Pal ell","Pal ell",220,0,0,0,0,0,0,0,0,0,0,0,0,0,0,0,"Manamboli_Upper_4"
1284,"Manamboli_Upper",4,16,76,"Dry mal","Dry mal","Dry mal",86,0,0,0,0,0,0,0,0,0,0,0,0,0,0,0,"Manamboli_Upper_4"
1285,"Manamboli_Upper",4,16,77,"Dry mal","Dry mal","Dry mal",95,0,0,0,0,0,0,0,0,0,0,0,0,0,0,0,"Manamboli_Upper_4"
1286,"Manamboli_Upper",4,16,78,"Pal ell","Pal ell","Pal ell",360,0,0,0,0,0,0,0,0,0,0,0,0,0,0,0,"Manamboli_Upper_4"
1287,"Manamboli_Upper",4,16,79,"Cul exa","Cul exa","Cul exa",180,0,0,0,0,0,0,0,0,0,0,0,0,0,0,0,"Manamboli_Upper_4"
1288,"Manamboli_Upper",5,17,80,"Dry mal","Dry mal","Dry mal",84,0,0,0,0,0,0,0,0,0,0,0,0,0,0,0,"Manamboli_Upper_5"
1289,"Manamboli_Upper",5,17,81,"Agl sim","Agl sim","Agl sim",62,0,0,0,0,0,0,0,0,0,0,0,0,0,0,0,"Manamboli_Upper_5"
1290,"Manamboli_Upper",5,17,82,"Cro mal","Cro mal","Cro mal",100,0,0,0,0,0,0,0,0,0,0,0,0,0,0,0,"Manamboli_Upper_5"
1291,"Manamboli_Upper",5,18,83,"Vat ind","Vat ind","Vat ind",180,0,0,0,0,0,0,0,0,0,0,0,0,0,0,0,"Manamboli_Upper_5"
1292,"Manamboli_Upper",5,18,84,"Cul exa","Cul exa","Cul exa",123,0,0,0,0,0,0,0,0,0,0,0,0,0,0,0,"Manamboli_Upper_5"
1293,"Manamboli_Upper",5,18,85,"Pal ell","Pal ell","Pal ell",150,0,0,0,0,0,0,0,0,0,0,0,0,0,0,0,"Manamboli_Upper_5"
1294,"Manamboli_Upper",5,19,86,"Dry ela","Dry ven","Dry wig",42,0,0,0,0,0,0,0,0,0,0,0,0,0,0,0,"Manamboli_Upper_5"
1295,"Manamboli_Upper",5,19,87,"Agl exs","Agl exs","Agl exs",84,0,0,0,0,0,0,0,0,0,0,0,0,0,0,0,"Manamboli_Upper_5"
1296,"Manamboli_Upper",5,19,88,"Pal ell","Pal ell","Pal ell",320,0,0,0,0,0,0,0,0,0,0,0,0,0,0,0,"Manamboli_Upper_5"
1297,"Manamboli_Upper",5,19,89,"Vat ind","Vat ind","Vat ind",80,0,0,0,0,0,0,0,0,0,0,0,0,0,0,0,"Manamboli_Upper_5"
1298,"Manamboli_Upper",5,20,90,"Cro mal","Cro mal","Cro mal",125,0,0,0,0,0,0,0,0,0,0,0,0,0,0,0,"Manamboli_Upper_5"
1299,"Manamboli_Upper",5,20,91,"Agl sim","Agl sim","Agl sim",45,0,0,0,0,0,0,0,0,0,0,0,0,0,0,0,"Manamboli_Upper_5"
1300,"Manamboli_Upper",5,20,92,"Mas arb","Mas arb","Mas arb",237,0,0,0,0,0,0,0,0,0,0,0,0,0,0,0,"Manamboli_Upper_5"
1301,"Manamboli_Upper",6,21,93,"Dry ela","Dry ven","Dry wig",98,0,0,0,0,0,0,0,0,0,0,0,0,0,0,0,"Manamboli_Upper_6"
1302,"Manamboli_Upper",6,21,94,"Ant men","Ant mon","Ant mon",64,0,0,0,0,0,0,0,0,0,0,0,0,0,0,0,"Manamboli_Upper_6"
1303,"Manamboli_Upper",6,21,95,"Den sin","Den sin","Den sin",47,0,0,0,0,0,0,0,0,0,0,0,0,0,0,0,"Manamboli_Upper_6"
1304,"Manamboli_Upper",6,21,96,"Vat ind","Vat ind","Vat ind",110,0,0,0,0,0,0,0,0,0,0,0,0,0,0,0,"Manamboli_Upper_6"
1305,"Manamboli_Upper",6,22,97,"Can str","Can str","Can str",370,0,0,0,0,0,0,0,0,0,0,0,0,0,0,0,"Manamboli_Upper_6"
1306,"Manamboli_Upper",6,22,98,"Mes fer","Mes fer","Mes fer",355,0,0,0,0,0,0,0,0,0,0,0,0,0,0,0,"Manamboli_Upper_6"
1307,"Manamboli_Upper",6,22,99,"Mas arb","Mas arb","Mas arb",108,0,0,0,0,0,0,0,0,0,0,0,0,0,0,0,"Manamboli_Upper_6"
1308,"Manamboli_Upper",6,22,100,"Agl jai","Agl jai","Agl law",230,0,0,0,0,0,0,0,0,0,0,0,0,0,0,0,"Manamboli_Upper_6"
1309,"Manamboli_Upper",6,22,101,"Ore int","Ore int","Ore int",48,0,0,0,0,0,0,0,0,0,0,0,0,0,0,0,"Manamboli_Upper_6"
1310,"Manamboli_Upper",6,22,102,"Glo ell","Glo ell","Glo ell",44,0,0,0,0,0,0,0,0,0,0,0,0,0,0,0,"Manamboli_Upper_6"
1311,"Manamboli_Upper",6,22,103,"Gom cor","Gom cor","Gom cor",48,0,0,0,0,0,0,0,0,0,0,0,0,0,0,0,"Manamboli_Upper_6"
1312,"Manamboli_Upper",6,23,104,"Cas rub","Cas rub","Cas rub",310,0,0,0,0,0,0,0,0,0,0,0,0,0,0,0,"Manamboli_Upper_6"
1313,"Manamboli_Upper",6,23,105,"Sem tra","Sem tra","Sem tra",50,0,0,0,0,0,0,0,0,0,0,0,0,0,0,0,"Manamboli_Upper_6"
1314,"Manamboli_Upper",6,23,106,"Cul exa","Cul exa","Cul exa",78,0,0,0,0,0,0,0,0,0,0,0,0,0,0,0,"Manamboli_Upper_6"
1315,"Manamboli_Upper",6,23,107,"Gom cor","Gom cor","Gom cor",62,0,0,0,0,0,0,0,0,0,0,0,0,0,0,0,"Manamboli_Upper_6"
1316,"Manamboli_Upper",6,24,108,"Dry mal","Dry mal","Dry mal",108,0,0,0,0,0,0,0,0,0,0,0,0,0,0,0,"Manamboli_Upper_6"
1317,"Manamboli_Upper",6,24,109,"Mes fer","Mes fer","Mes fer",215,0,0,0,0,0,0,0,0,0,0,0,0,0,0,0,"Manamboli_Upper_6"
1318,"Manamboli_Upper",6,24,110,"Vat ind","Vat ind","Vat ind",245,0,0,0,0,0,0,0,0,0,0,0,0,0,0,0,"Manamboli_Upper_6"
1319,"Manamboli_Upper",6,24,111,"Sem tra","Sem tra","Sem tra",68,0,0,0,0,0,0,0,0,0,0,0,0,0,0,0,"Manamboli_Upper_6"
1320,"Manamboli_Upper",6,24,112,"Agl sim","Agl sim","Agl sim",45,0,0,0,0,0,0,0,0,0,0,0,0,0,0,0,"Manamboli_Upper_6"
1321,"Manamboli_Upper",6,24,113,"Vat ind","Vat ind","Vat ind",235,0,0,0,0,0,0,0,0,0,0,0,0,0,0,0,"Manamboli_Upper_6"
1322,"Manamboli_Upper",7,25,114,"Vat ind","Vat ind","Vat ind",75,0,0,0,0,0,0,0,0,0,0,0,0,0,0,0,"Manamboli_Upper_7"
1323,"Manamboli_Upper",7,25,115,"Pal ell","Pal ell","Pal ell",133,0,0,0,0,0,0,0,0,0,0,0,0,0,0,0,"Manamboli_Upper_7"
1324,"Manamboli_Upper",7,25,116,"Myr dac","Myr dac","Myr bed",95,0,0,0,0,0,0,0,0,0,0,0,0,0,0,0,"Manamboli_Upper_7"
1325,"Manamboli_Upper",7,25,117,"Vat ind","Vat ind","Vat ind",72,0,0,0,0,0,0,0,0,0,0,0,0,0,0,0,"Manamboli_Upper_7"
1326,"Manamboli_Upper",7,25,118,"Dry mal","Dry mal","Dry mal",114,0,0,0,0,0,0,0,0,0,0,0,0,0,0,0,"Manamboli_Upper_7"
1327,"Manamboli_Upper",7,25,119,"Pal bou","Pal rav","Pal rav",175,0,0,0,0,0,0,0,0,0,0,0,0,0,0,0,"Manamboli_Upper_7"
1328,"Manamboli_Upper",7,25,120,"Glo ell","Glo ell","Glo ell",39,0,0,0,0,0,0,0,0,0,0,0,0,0,0,0,"Manamboli_Upper_7"
1329,"Manamboli_Upper",7,26,121,"Agr mee","Agr bor","Agr bor",56,0,0,0,0,0,0,0,0,0,0,0,0,0,0,0,"Manamboli_Upper_7"
1330,"Manamboli_Upper",7,26,122,"Pal ell","Pal ell","Pal ell",190,0,0,0,0,0,0,0,0,0,0,0,0,0,0,0,"Manamboli_Upper_7"
1331,"Manamboli_Upper",7,26,123,"Dry mal","Dry mal","Dry mal",80,0,0,0,0,0,0,0,0,0,0,0,0,0,0,0,"Manamboli_Upper_7"
1332,"Manamboli_Upper",7,26,124,"Dio syl","Dio syl","Dio syl",165,0,0,0,0,0,0,0,0,0,0,0,0,0,0,0,"Manamboli_Upper_7"
1333,"Manamboli_Upper",7,27,125,"Pal ell","Pal ell","Pal ell",155,0,0,0,0,0,0,0,0,0,0,0,0,0,0,0,"Manamboli_Upper_7"
1334,"Manamboli_Upper",7,27,126,"Vat ind","Vat ind","Vat ind",60,0,0,0,0,0,0,0,0,0,0,0,0,0,0,0,"Manamboli_Upper_7"
1335,"Manamboli_Upper",7,27,127,"Ore int","Ore int","Ore int",60,0,0,0,0,0,0,0,0,0,0,0,0,0,0,0,"Manamboli_Upper_7"
1336,"Manamboli_Upper",7,27,128,"Vat ind","Vat ind","Vat ind",110,0,0,0,0,0,0,0,0,0,0,0,0,0,0,0,"Manamboli_Upper_7"
1337,"Manamboli_Upper",7,27,129,"Ant men","Ant mon","Ant mon",85,0,0,0,0,0,0,0,0,0,0,0,0,0,0,0,"Manamboli_Upper_7"
1338,"Manamboli_Upper",7,27,130,"Cul exa","Cul exa","Cul exa",275,0,0,0,0,0,0,0,0,0,0,0,0,0,0,0,"Manamboli_Upper_7"
1339,"Manamboli_Upper",7,28,131,"Dim bed","Dim bed","Dim bed",55,0,0,0,0,0,0,0,0,0,0,0,0,0,0,0,"Manamboli_Upper_7"
1340,"Manamboli_Upper",7,28,132,"Myr dac","Myr dac","Myr bed",180,0,0,0,0,0,0,0,0,0,0,0,0,0,0,0,"Manamboli_Upper_7"
1341,"Manamboli_Upper",7,28,133,"Pal ell","Pal ell","Pal ell",175,0,0,0,0,0,0,0,0,0,0,0,0,0,0,0,"Manamboli_Upper_7"
1342,"Manamboli_Upper",7,28,134,"Fah zey","Par pen","Par pen",130,0,0,0,0,0,0,0,0,0,0,0,0,0,0,0,"Manamboli_Upper_7"
1343,"Manamboli_Upper",7,28,135,"Pal ell","Pal ell","Pal ell",170,0,0,0,0,0,0,0,0,0,0,0,0,0,0,0,"Manamboli_Upper_7"
1344,"Manamboli_Upper",8,29,136,"Vat ind","Vat ind","Vat ind",210,0,0,0,0,0,0,0,0,0,0,0,0,0,0,0,"Manamboli_Upper_8"
1345,"Manamboli_Upper",8,29,137,"Pal ell","Pal ell","Pal ell",78,0,0,0,0,0,0,0,0,0,0,0,0,0,0,0,"Manamboli_Upper_8"
1346,"Manamboli_Upper",8,29,138,"Den sin","Den sin","Den sin",32,0,0,0,0,0,0,0,0,0,0,0,0,0,0,0,"Manamboli_Upper_8"
1347,"Manamboli_Upper",8,29,139,"Pal ell","Pal ell","Pal ell",160,0,0,0,0,0,0,0,0,0,0,0,0,0,0,0,"Manamboli_Upper_8"
1348,"Manamboli_Upper",8,29,140,"Dio syl","Dio syl","Dio syl",140,0,0,0,0,0,0,0,0,0,0,0,0,0,0,0,"Manamboli_Upper_8"
1349,"Manamboli_Upper",8,29,141,"Syz gar","Syz gar","Syz gar",75,0,0,0,0,0,0,0,0,0,0,0,0,0,0,0,"Manamboli_Upper_8"
1350,"Manamboli_Upper",8,29,142,"Fah zey","Par pen","Par pen",45,0,0,0,0,0,0,0,0,0,0,0,0,0,0,0,"Manamboli_Upper_8"
1351,"Manamboli_Upper",8,30,143,"Pal ell","Pal ell","Pal ell",185,0,0,0,0,0,0,0,0,0,0,0,0,0,0,0,"Manamboli_Upper_8"
1352,"Manamboli_Upper",8,30,144,"Dry mal","Dry mal","Dry mal",105,0,0,0,0,0,0,0,0,0,0,0,0,0,0,0,"Manamboli_Upper_8"
1353,"Manamboli_Upper",8,30,145,"Syz hem","Syz hem","Syz hem",55,0,0,0,0,0,0,0,0,0,0,0,0,0,0,0,"Manamboli_Upper_8"
1354,"Manamboli_Upper",8,30,146,"Dio syl","Dio syl","Dio syl",75,0,0,0,0,0,0,0,0,0,0,0,0,0,0,0,"Manamboli_Upper_8"
1355,"Manamboli_Upper",8,30,147,"Pal bou","Pal rav","Pal rav",180,0,0,0,0,0,0,0,0,0,0,0,0,0,0,0,"Manamboli_Upper_8"
1356,"Manamboli_Upper",8,30,148,"Hol nig","Hol nig","Hol nig",105,0,0,0,0,0,0,0,0,0,0,0,0,0,0,0,"Manamboli_Upper_8"
1357,"Manamboli_Upper",8,30,149,"Dry mal","Dry mal","Dry mal",75,0,0,0,0,0,0,0,0,0,0,0,0,0,0,0,"Manamboli_Upper_8"
1358,"Manamboli_Upper",8,31,150,"Syz den","Syz den","Syz den",100,0,0,0,0,0,0,0,0,0,0,0,0,0,0,0,"Manamboli_Upper_8"
1359,"Manamboli_Upper",8,31,151,"Mal ste","Mal res","Mal res",40,0,0,0,0,0,0,0,0,0,0,0,0,0,0,0,"Manamboli_Upper_8"
1360,"Manamboli_Upper",8,31,152,"Cul exa","Cul exa","Cul exa",200,0,0,0,0,0,0,0,0,0,0,0,0,0,0,0,"Manamboli_Upper_8"
1361,"Manamboli_Upper",8,31,153,"Ore int","Ore int","Ore int",65,50,0,0,0,0,0,0,0,0,0,0,0,0,0,0,"Manamboli_Upper_8"
1362,"Manamboli_Upper",8,32,154,"Fah zey","Par pen","Par pen",151,0,0,0,0,0,0,0,0,0,0,0,0,0,0,0,"Manamboli_Upper_8"
1363,"Manamboli_Upper",8,32,155,"Mac pel","Mac pel","Mac pel",80,0,0,0,0,0,0,0,0,0,0,0,0,0,0,0,"Manamboli_Upper_8"
1364,"Manamboli_Upper",8,32,156,"Pal ell","Pal ell","Pal ell",175,0,0,0,0,0,0,0,0,0,0,0,0,0,0,0,"Manamboli_Upper_8"
1365,"Manamboli_Upper",8,32,157,"Vat ind","Vat ind","Vat ind",110,0,0,0,0,0,0,0,0,0,0,0,0,0,0,0,"Manamboli_Upper_8"
1366,"Manamboli_Upper",9,33,158,"Vat ind","Vat ind","Vat ind",66,0,0,0,0,0,0,0,0,0,0,0,0,0,0,0,"Manamboli_Upper_9"
1367,"Manamboli_Upper",9,33,159,"Mes fer","Mes fer","Mes fer",175,0,0,0,0,0,0,0,0,0,0,0,0,0,0,0,"Manamboli_Upper_9"
1368,"Manamboli_Upper",9,33,160,"Fah zey","Par pen","Par pen",122,0,0,0,0,0,0,0,0,0,0,0,0,0,0,0,"Manamboli_Upper_9"
1369,"Manamboli_Upper",9,33,161,"Ant men","Ant mon","Ant mon",62,0,0,0,0,0,0,0,0,0,0,0,0,0,0,0,"Manamboli_Upper_9"
1370,"Manamboli_Upper",9,33,162,"Dio syl","Dio syl","Dio syl",95,0,0,0,0,0,0,0,0,0,0,0,0,0,0,0,"Manamboli_Upper_9"
1371,"Manamboli_Upper",9,33,163,"Myr dac","Myr dac","Myr bed",57,0,0,0,0,0,0,0,0,0,0,0,0,0,0,0,"Manamboli_Upper_9"
1372,"Manamboli_Upper",9,33,164,"Agl exs","Agl exs","Agl exs",40,0,0,0,0,0,0,0,0,0,0,0,0,0,0,0,"Manamboli_Upper_9"
1373,"Manamboli_Upper",9,33,165,"Vat ind","Vat ind","Vat ind",157,0,0,0,0,0,0,0,0,0,0,0,0,0,0,0,"Manamboli_Upper_9"
1374,"Manamboli_Upper",9,33,166,"Dry mal","Dry mal","Dry mal",127,0,0,0,0,0,0,0,0,0,0,0,0,0,0,0,"Manamboli_Upper_9"
1375,"Manamboli_Upper",9,33,167,"Dim bed","Dim bed","Dim bed",51,0,0,0,0,0,0,0,0,0,0,0,0,0,0,0,"Manamboli_Upper_9"
1376,"Manamboli_Upper",9,33,168,"Pal ell","Pal ell","Pal ell",165,0,0,0,0,0,0,0,0,0,0,0,0,0,0,0,"Manamboli_Upper_9"
1377,"Manamboli_Upper",9,33,169,"Gom cor","Gom cor","Gom cor",37,0,0,0,0,0,0,0,0,0,0,0,0,0,0,0,"Manamboli_Upper_9"
1378,"Manamboli_Upper",9,33,170,"Can str","Can str","Can str",80,0,0,0,0,0,0,0,0,0,0,0,0,0,0,0,"Manamboli_Upper_9"
1379,"Manamboli_Upper",9,33,171,"Man ind","Man ind","Man ind",50,0,0,0,0,0,0,0,0,0,0,0,0,0,0,0,"Manamboli_Upper_9"
1380,"Manamboli_Upper",9,33,172,"Vat ind","Vat ind","Vat ind",74,0,0,0,0,0,0,0,0,0,0,0,0,0,0,0,"Manamboli_Upper_9"
1381,"Manamboli_Upper",9,34,173,"Myr dac","Myr dac","Myr bed",52,0,0,0,0,0,0,0,0,0,0,0,0,0,0,0,"Manamboli_Upper_9"
1382,"Manamboli_Upper",9,34,174,"Fic ner","Fic ner","Fic ner",130,0,0,0,0,0,0,0,0,0,0,0,0,0,0,0,"Manamboli_Upper_9"
1383,"Manamboli_Upper",9,34,175,"Vat ind","Vat ind","Vat ind",70,0,0,0,0,0,0,0,0,0,0,0,0,0,0,0,"Manamboli_Upper_9"
1384,"Manamboli_Upper",9,34,176,"Cin sul","Cin sul","Cin sul",50,0,0,0,0,0,0,0,0,0,0,0,0,0,0,0,"Manamboli_Upper_9"
1385,"Manamboli_Upper",9,34,177,"Cro mal","Cro mal","Cro mal",60,0,0,0,0,0,0,0,0,0,0,0,0,0,0,0,"Manamboli_Upper_9"
1386,"Manamboli_Upper",9,34,178,"Lit flo","Lit flo","Lit flo",30,0,0,0,0,0,0,0,0,0,0,0,0,0,0,0,"Manamboli_Upper_9"
1387,"Manamboli_Upper",9,35,179,"Mac pel","Mac pel","Mac pel",50,0,0,0,0,0,0,0,0,0,0,0,0,0,0,0,"Manamboli_Upper_9"
1388,"Manamboli_Upper",9,35,180,"Mac pel","Mac pel","Mac pel",120,0,0,0,0,0,0,0,0,0,0,0,0,0,0,0,"Manamboli_Upper_9"
1389,"Manamboli_Upper",9,35,181,"Ore int","Ore int","Ore int",45,0,0,0,0,0,0,0,0,0,0,0,0,0,0,0,"Manamboli_Upper_9"
1390,"Manamboli_Upper",9,35,182,"Mac pel","Mac pel","Mac pel",75,0,0,0,0,0,0,0,0,0,0,0,0,0,0,0,"Manamboli_Upper_9"
1391,"Manamboli_Upper",9,35,183,"Vat ind","Vat ind","Vat ind",45,0,0,0,0,0,0,0,0,0,0,0,0,0,0,0,"Manamboli_Upper_9"
1392,"Manamboli_Upper",9,35,184,"Cro mal","Cro mal","Cro mal",67,0,0,0,0,0,0,0,0,0,0,0,0,0,0,0,"Manamboli_Upper_9"
1393,"Manamboli_Upper",9,35,185,"Mac pel","Mac pel","Mac pel",65,0,0,0,0,0,0,0,0,0,0,0,0,0,0,0,"Manamboli_Upper_9"
1394,"Manamboli_Upper",9,35,186,"Dio syl","Dio syl","Dio syl",87,0,0,0,0,0,0,0,0,0,0,0,0,0,0,0,"Manamboli_Upper_9"
1395,"Manamboli_Upper",9,35,187,"Mes fer","Mes fer","Mes fer",130,0,0,0,0,0,0,0,0,0,0,0,0,0,0,0,"Manamboli_Upper_9"
1396,"Manamboli_Upper",9,35,188,"Pal ell","Pal ell","Pal ell",115,0,0,0,0,0,0,0,0,0,0,0,0,0,0,0,"Manamboli_Upper_9"
1397,"Manamboli_Upper",9,35,189,"Rei ana","Rei ana","Rei ana",43,0,0,0,0,0,0,0,0,0,0,0,0,0,0,0,"Manamboli_Upper_9"
1398,"Manamboli_Upper",9,36,190,"Pal ell","Pal ell","Pal ell",200,0,0,0,0,0,0,0,0,0,0,0,0,0,0,0,"Manamboli_Upper_9"
1399,"Manamboli_Upper",9,36,191,"Glo ell","Glo ell","Glo ell",70,0,0,0,0,0,0,0,0,0,0,0,0,0,0,0,"Manamboli_Upper_9"
1400,"Manamboli_Upper",9,36,192,"Dim bed","Dim bed","Dim bed",60,0,0,0,0,0,0,0,0,0,0,0,0,0,0,0,"Manamboli_Upper_9"
1401,"Manamboli_Upper",9,36,193,"Pho lan","Oco lan","Oco lan",30,0,0,0,0,0,0,0,0,0,0,0,0,0,0,0,"Manamboli_Upper_9"
1402,"Manamboli_Upper",9,36,194,"Cul exa","Cul exa","Cul exa",450,0,0,0,0,0,0,0,0,0,0,0,0,0,0,0,"Manamboli_Upper_9"
1403,"Manamboli_Upper",9,36,195,"Man ind","Man ind","Man ind",44,0,0,0,0,0,0,0,0,0,0,0,0,0,0,0,"Manamboli_Upper_9"
1404,"Manamboli_Upper",10,37,196,"Rei ana","Rei ana","Rei ana",56,0,0,0,0,0,0,0,0,0,0,0,0,0,0,0,"Manamboli_Upper_10"
1405,"Manamboli_Upper",10,37,197,"Den sin","Den sin","Den sin",44,0,0,0,0,0,0,0,0,0,0,0,0,0,0,0,"Manamboli_Upper_10"
1406,"Manamboli_Upper",10,37,198,"Dry mal","Dry mal","Dry mal",108,0,0,0,0,0,0,0,0,0,0,0,0,0,0,0,"Manamboli_Upper_10"
1407,"Manamboli_Upper",10,37,199,"Cro mal","Cro mal","Cro mal",71,0,0,0,0,0,0,0,0,0,0,0,0,0,0,0,"Manamboli_Upper_10"
1408,"Manamboli_Upper",10,37,200,"Den sin","Den sin","Den sin",59,0,0,0,0,0,0,0,0,0,0,0,0,0,0,0,"Manamboli_Upper_10"
1409,"Manamboli_Upper",10,37,201,"Mac pel","Mac pel","Mac pel",56,0,0,0,0,0,0,0,0,0,0,0,0,0,0,0,"Manamboli_Upper_10"
1410,"Manamboli_Upper",10,37,202,"Pal ell","Pal ell","Pal ell",195,0,0,0,0,0,0,0,0,0,0,0,0,0,0,0,"Manamboli_Upper_10"
1411,"Manamboli_Upper",10,38,203,"Mac pel","Mac pel","Mac pel",68,0,0,0,0,0,0,0,0,0,0,0,0,0,0,0,"Manamboli_Upper_10"
1412,"Manamboli_Upper",10,38,204,"Fic bed","Fic bed","Fic bed",400,0,0,0,0,0,0,0,0,0,0,0,0,0,0,0,"Manamboli_Upper_10"
1413,"Manamboli_Upper",10,38,205,"Dry ela","Dry ven","Dry wig",62,0,0,0,0,0,0,0,0,0,0,0,0,0,0,0,"Manamboli_Upper_10"
1414,"Manamboli_Upper",10,38,206,"Dry ela","Dry ven","Dry wig",65,0,0,0,0,0,0,0,0,0,0,0,0,0,0,0,"Manamboli_Upper_10"
1415,"Manamboli_Upper",10,39,207,"Pal ell","Pal ell","Pal ell",118,0,0,0,0,0,0,0,0,0,0,0,0,0,0,0,"Manamboli_Upper_10"
1416,"Manamboli_Upper",10,39,208,"Dio syl","Dio syl","Dio syl",127,0,0,0,0,0,0,0,0,0,0,0,0,0,0,0,"Manamboli_Upper_10"
1417,"Manamboli_Upper",10,39,209,"Dry mal","Dry mal","Dry mal",86,0,0,0,0,0,0,0,0,0,0,0,0,0,0,0,"Manamboli_Upper_10"
1418,"Manamboli_Upper",10,39,210,"Dry mal","Dry mal","Dry mal",63,0,0,0,0,0,0,0,0,0,0,0,0,0,0,0,"Manamboli_Upper_10"
1419,"Manamboli_Upper",10,39,211,"Den sin","Den sin","Den sin",41,0,0,0,0,0,0,0,0,0,0,0,0,0,0,0,"Manamboli_Upper_10"
1420,"Manamboli_Upper",10,40,212,"Pal ell","Pal ell","Pal ell",150,0,0,0,0,0,0,0,0,0,0,0,0,0,0,0,"Manamboli_Upper_10"
1421,"Manamboli_Upper",10,40,213,"Fah zey","Par pen","Par pen",170,0,0,0,0,0,0,0,0,0,0,0,0,0,0,0,"Manamboli_Upper_10"
1422,"Manamboli_Upper",10,40,214,"Hol nig","Hol nig","Hol nig",210,0,0,0,0,0,0,0,0,0,0,0,0,0,0,0,"Manamboli_Upper_10"
1423,"Manamboli_Upper",10,40,215,"Not bed","Not bed","Not bed",100,0,0,0,0,0,0,0,0,0,0,0,0,0,0,0,"Manamboli_Upper_10"
1424,"Manamboli_Upper",10,40,216,"Pal ell","Pal ell","Pal ell",131,0,0,0,0,0,0,0,0,0,0,0,0,0,0,0,"Manamboli_Upper_10"
1425,"Manamboli_Upper",11,41,217,"Vat ind","Vat ind","Vat ind",107,0,0,0,0,0,0,0,0,0,0,0,0,0,0,0,"Manamboli_Upper_11"
1426,"Manamboli_Upper",11,41,218,"Dry mal","Dry mal","Dry mal",133,0,0,0,0,0,0,0,0,0,0,0,0,0,0,0,"Manamboli_Upper_11"
1427,"Manamboli_Upper",11,41,219,"Pal ell","Pal ell","Pal ell",170,0,0,0,0,0,0,0,0,0,0,0,0,0,0,0,"Manamboli_Upper_11"
1428,"Manamboli_Upper",11,41,220,"Dry mal","Dry mal","Dry mal",90,0,0,0,0,0,0,0,0,0,0,0,0,0,0,0,"Manamboli_Upper_11"
1429,"Manamboli_Upper",11,42,221,"Pal ell","Pal ell","Pal ell",205,0,0,0,0,0,0,0,0,0,0,0,0,0,0,0,"Manamboli_Upper_11"
1430,"Manamboli_Upper",11,42,222,"Dry mal","Dry mal","Dry mal",80,0,0,0,0,0,0,0,0,0,0,0,0,0,0,0,"Manamboli_Upper_11"
1431,"Manamboli_Upper",11,42,223,"Can str","Can str","Can str",75,0,0,0,0,0,0,0,0,0,0,0,0,0,0,0,"Manamboli_Upper_11"
1432,"Manamboli_Upper",11,42,224,"Dim bed","Dim bed","Dim bed",76,0,0,0,0,0,0,0,0,0,0,0,0,0,0,0,"Manamboli_Upper_11"
1433,"Manamboli_Upper",11,42,225,"Pal ell","Pal ell","Pal ell",150,0,0,0,0,0,0,0,0,0,0,0,0,0,0,0,"Manamboli_Upper_11"
1434,"Manamboli_Upper",11,42,226,"Gar gum","Gar gum","Gar gum",85,0,0,0,0,0,0,0,0,0,0,0,0,0,0,0,"Manamboli_Upper_11"
1435,"Manamboli_Upper",11,42,227,"Cro mal","Cro mal","Cro mal",90,0,0,0,0,0,0,0,0,0,0,0,0,0,0,0,"Manamboli_Upper_11"
1436,"Manamboli_Upper",11,42,228,"Vat ind","Vat ind","Vat ind",52,0,0,0,0,0,0,0,0,0,0,0,0,0,0,0,"Manamboli_Upper_11"
1437,"Manamboli_Upper",11,42,229,"Fah zey","Par pen","Par pen",60,0,0,0,0,0,0,0,0,0,0,0,0,0,0,0,"Manamboli_Upper_11"
1438,"Manamboli_Upper",11,42,230,"Ele tub","Ela tub","Ela tub",380,0,0,0,0,0,0,0,0,0,0,0,0,0,0,0,"Manamboli_Upper_11"
1439,"Manamboli_Upper",11,43,231,"Mas arb","Mas arb","Mas arb",185,0,0,0,0,0,0,0,0,0,0,0,0,0,0,0,"Manamboli_Upper_11"
1440,"Manamboli_Upper",11,43,232,"Ore int","Ore int","Ore int",50,0,0,0,0,0,0,0,0,0,0,0,0,0,0,0,"Manamboli_Upper_11"
1441,"Manamboli_Upper",11,43,233,"Vat ind","Vat ind","Vat ind",145,0,0,0,0,0,0,0,0,0,0,0,0,0,0,0,"Manamboli_Upper_11"
1442,"Manamboli_Upper",11,43,234,"Per mac","Per mac","Per mac",95,0,0,0,0,0,0,0,0,0,0,0,0,0,0,0,"Manamboli_Upper_11"
1443,"Manamboli_Upper",11,43,235,"Vat ind","Vat ind","Vat ind",157,0,0,0,0,0,0,0,0,0,0,0,0,0,0,0,"Manamboli_Upper_11"
1444,"Manamboli_Upper",11,43,236,"Ore int","Ore int","Ore int",45,0,0,0,0,0,0,0,0,0,0,0,0,0,0,0,"Manamboli_Upper_11"
1445,"Manamboli_Upper",11,44,237,"Agr mee","Agr bor","Agr bor",65,0,0,0,0,0,0,0,0,0,0,0,0,0,0,0,"Manamboli_Upper_11"
1446,"Manamboli_Upper",11,44,238,"Ore int","Ore int","Ore int",35,0,0,0,0,0,0,0,0,0,0,0,0,0,0,0,"Manamboli_Upper_11"
1447,"Manamboli_Upper",11,44,239,"Ore int","Ore int","Ore int",30,0,0,0,0,0,0,0,0,0,0,0,0,0,0,0,"Manamboli_Upper_11"
1448,"Manamboli_Upper",11,44,240,"Ore int","Ore int","Ore int",40,0,0,0,0,0,0,0,0,0,0,0,0,0,0,0,"Manamboli_Upper_11"
1449,"Manamboli_Upper",12,45,241,"Dry mal","Dry mal","Dry mal",117,0,0,0,0,0,0,0,0,0,0,0,0,0,0,0,"Manamboli_Upper_12"
1450,"Manamboli_Upper",12,45,242,"Dry mal","Dry mal","Dry mal",115,0,0,0,0,0,0,0,0,0,0,0,0,0,0,0,"Manamboli_Upper_12"
1451,"Manamboli_Upper",12,45,243,"Pal ell","Pal ell","Pal ell",315,0,0,0,0,0,0,0,0,0,0,0,0,0,0,0,"Manamboli_Upper_12"
1452,"Manamboli_Upper",12,45,244,"Dry ela","Dry ven","Dry wig",83,0,0,0,0,0,0,0,0,0,0,0,0,0,0,0,"Manamboli_Upper_12"
1453,"Manamboli_Upper",12,45,245,"Dry mal","Dry mal","Dry mal",100,0,0,0,0,0,0,0,0,0,0,0,0,0,0,0,"Manamboli_Upper_12"
1454,"Manamboli_Upper",12,46,246,"Dry mal","Dry mal","Dry mal",95,0,0,0,0,0,0,0,0,0,0,0,0,0,0,0,"Manamboli_Upper_12"
1455,"Manamboli_Upper",12,46,247,"Dry ela","Dry ven","Dry wig",93,0,0,0,0,0,0,0,0,0,0,0,0,0,0,0,"Manamboli_Upper_12"
1456,"Manamboli_Upper",12,46,248,"Agl sim","Agl sim","Agl sim",50,0,0,0,0,0,0,0,0,0,0,0,0,0,0,0,"Manamboli_Upper_12"
1457,"Manamboli_Upper",12,46,249,"Vat ind","Vat ind","Vat ind",83,0,0,0,0,0,0,0,0,0,0,0,0,0,0,0,"Manamboli_Upper_12"
1458,"Manamboli_Upper",12,46,250,"Dry ela","Dry ven","Dry wig",75,0,0,0,0,0,0,0,0,0,0,0,0,0,0,0,"Manamboli_Upper_12"
1459,"Manamboli_Upper",12,46,251,"Agl sim","Agl sim","Agl sim",50,0,0,0,0,0,0,0,0,0,0,0,0,0,0,0,"Manamboli_Upper_12"
1460,"Manamboli_Upper",12,47,252,"Pal ell","Pal ell","Pal ell",180,0,0,0,0,0,0,0,0,0,0,0,0,0,0,0,"Manamboli_Upper_12"
1461,"Manamboli_Upper",12,47,253,"Agl sim","Agl sim","Agl sim",75,0,0,0,0,0,0,0,0,0,0,0,0,0,0,0,"Manamboli_Upper_12"
1462,"Manamboli_Upper",12,47,254,"Pal ell","Pal ell","Pal ell",240,0,0,0,0,0,0,0,0,0,0,0,0,0,0,0,"Manamboli_Upper_12"
1463,"Manamboli_Upper",12,47,255,"Agl sim","Agl sim","Agl sim",45,0,0,0,0,0,0,0,0,0,0,0,0,0,0,0,"Manamboli_Upper_12"
1464,"Manamboli_Upper",12,47,256,"Ore int","Ore int","Ore int",72,0,0,0,0,0,0,0,0,0,0,0,0,0,0,0,"Manamboli_Upper_12"
1465,"Manamboli_Upper",12,48,257,"Dry mal","Dry mal","Dry mal",120,0,0,0,0,0,0,0,0,0,0,0,0,0,0,0,"Manamboli_Upper_12"
1466,"Manamboli_Upper",12,48,258,"Fic ner","Fic ner","Fic ner",375,0,0,0,0,0,0,0,0,0,0,0,0,0,0,0,"Manamboli_Upper_12"
1467,"Manamboli_Upper",13,49,259,"Den sin","Den sin","Den sin",34,0,0,0,0,0,0,0,0,0,0,0,0,0,0,0,"Manamboli_Upper_13"
1468,"Manamboli_Upper",13,49,260,"Pal ell","Pal ell","Pal ell",162,0,0,0,0,0,0,0,0,0,0,0,0,0,0,0,"Manamboli_Upper_13"
1469,"Manamboli_Upper",13,49,261,"Dry mal","Dry mal","Dry mal",96,0,0,0,0,0,0,0,0,0,0,0,0,0,0,0,"Manamboli_Upper_13"
1470,"Manamboli_Upper",13,49,262,"Dio syl","Dio syl","Dio syl",222,0,0,0,0,0,0,0,0,0,0,0,0,0,0,0,"Manamboli_Upper_13"
1471,"Manamboli_Upper",13,49,263,"Agr mee","Agr bor","Agr bor",60,0,0,0,0,0,0,0,0,0,0,0,0,0,0,0,"Manamboli_Upper_13"
1472,"Manamboli_Upper",13,49,264,"Den sin","Den sin","Den sin",34,0,0,0,0,0,0,0,0,0,0,0,0,0,0,0,"Manamboli_Upper_13"
1473,"Manamboli_Upper",13,49,265,"Den sin","Den sin","Den sin",34,0,0,0,0,0,0,0,0,0,0,0,0,0,0,0,"Manamboli_Upper_13"
1474,"Manamboli_Upper",13,50,266,"Pal ell","Pal ell","Pal ell",210,0,0,0,0,0,0,0,0,0,0,0,0,0,0,0,"Manamboli_Upper_13"
1475,"Manamboli_Upper",13,50,267,"Mes fer","Mes fer","Mes fer",190,0,0,0,0,0,0,0,0,0,0,0,0,0,0,0,"Manamboli_Upper_13"
1476,"Manamboli_Upper",13,50,268,"Kne att","Kne att","Kne att",81,0,0,0,0,0,0,0,0,0,0,0,0,0,0,0,"Manamboli_Upper_13"
1477,"Manamboli_Upper",13,50,269,"Dio syl","Dio syl","Dio syl",84,0,0,0,0,0,0,0,0,0,0,0,0,0,0,0,"Manamboli_Upper_13"
1478,"Manamboli_Upper",13,50,270,"Ore int","Ore int","Ore int",82,62,0,0,0,0,0,0,0,0,0,0,0,0,0,0,"Manamboli_Upper_13"
1479,"Manamboli_Upper",13,50,271,"Dry mal","Dry mal","Dry mal",33,0,0,0,0,0,0,0,0,0,0,0,0,0,0,0,"Manamboli_Upper_13"
1480,"Manamboli_Upper",13,50,272,"Pal ell","Pal ell","Pal ell",120,0,0,0,0,0,0,0,0,0,0,0,0,0,0,0,"Manamboli_Upper_13"
1481,"Manamboli_Upper",13,50,273,"Agr mee","Agr bor","Agr bor",75,0,0,0,0,0,0,0,0,0,0,0,0,0,0,0,"Manamboli_Upper_13"
1482,"Manamboli_Upper",13,51,274,"Dry ela","Dry ven","Dry wig",68,0,0,0,0,0,0,0,0,0,0,0,0,0,0,0,"Manamboli_Upper_13"
1483,"Manamboli_Upper",13,51,275,"Vat ind","Vat ind","Vat ind",83,0,0,0,0,0,0,0,0,0,0,0,0,0,0,0,"Manamboli_Upper_13"
1484,"Manamboli_Upper",13,51,276,"Mac pel","Mac pel","Mac pel",139,0,0,0,0,0,0,0,0,0,0,0,0,0,0,0,"Manamboli_Upper_13"
1485,"Manamboli_Upper",13,51,277,"Cul exa","Cul exa","Cul exa",350,0,0,0,0,0,0,0,0,0,0,0,0,0,0,0,"Manamboli_Upper_13"
1486,"Manamboli_Upper",13,52,278,"Syz den","Syz den","Syz den",170,0,0,0,0,0,0,0,0,0,0,0,0,0,0,0,"Manamboli_Upper_13"
1487,"Manamboli_Upper",13,52,279,"Mal ste","Mal res","Mal res",51,0,0,0,0,0,0,0,0,0,0,0,0,0,0,0,"Manamboli_Upper_13"
1488,"Manamboli_Upper",13,52,280,"Pal ell","Pal ell","Pal ell",250,0,0,0,0,0,0,0,0,0,0,0,0,0,0,0,"Manamboli_Upper_13"
1489,"Manamboli_Upper",14,53,281,"Den sin","Den sin","Den sin",60,0,0,0,0,0,0,0,0,0,0,0,0,0,0,0,"Manamboli_Upper_14"
1490,"Manamboli_Upper",14,53,282,"Pal ell","Pal ell","Pal ell",137,0,0,0,0,0,0,0,0,0,0,0,0,0,0,0,"Manamboli_Upper_14"
1491,"Manamboli_Upper",14,53,283,"Gom cor","Gom cor","Gom cor",65,0,0,0,0,0,0,0,0,0,0,0,0,0,0,0,"Manamboli_Upper_14"
1492,"Manamboli_Upper",14,53,284,"Dry ela","Dry ven","Dry wig",67,0,0,0,0,0,0,0,0,0,0,0,0,0,0,0,"Manamboli_Upper_14"
1493,"Manamboli_Upper",14,54,285,"Mes fer","Mes fer","Mes fer",66,0,0,0,0,0,0,0,0,0,0,0,0,0,0,0,"Manamboli_Upper_14"
1494,"Manamboli_Upper",14,54,286,"Myr dac","Myr dac","Myr bed",180,0,0,0,0,0,0,0,0,0,0,0,0,0,0,0,"Manamboli_Upper_14"
1495,"Manamboli_Upper",14,54,287,"Pal ell","Pal ell","Pal ell",130,0,0,0,0,0,0,0,0,0,0,0,0,0,0,0,"Manamboli_Upper_14"
1496,"Manamboli_Upper",14,54,288,"Kne att","Kne att","Kne att",65,0,0,0,0,0,0,0,0,0,0,0,0,0,0,0,"Manamboli_Upper_14"
1497,"Manamboli_Upper",14,54,289,"Syz hem","Syz hem","Syz hem",35,0,0,0,0,0,0,0,0,0,0,0,0,0,0,0,"Manamboli_Upper_14"
1498,"Manamboli_Upper",14,54,290,"Ore int","Ore int","Ore int",64,0,0,0,0,0,0,0,0,0,0,0,0,0,0,0,"Manamboli_Upper_14"
1499,"Manamboli_Upper",14,54,291,"Dys mal","Dys mal","Dys mal",147,0,0,0,0,0,0,0,0,0,0,0,0,0,0,0,"Manamboli_Upper_14"
1500,"Manamboli_Upper",14,54,292,"Ore int","Ore int","Ore int",60,0,0,0,0,0,0,0,0,0,0,0,0,0,0,0,"Manamboli_Upper_14"
1501,"Manamboli_Upper",14,55,293,"Pal ell","Pal ell","Pal ell",225,0,0,0,0,0,0,0,0,0,0,0,0,0,0,0,"Manamboli_Upper_14"
1502,"Manamboli_Upper",14,55,294,"Gom cor","Gom cor","Gom cor",40,0,0,0,0,0,0,0,0,0,0,0,0,0,0,0,"Manamboli_Upper_14"
1503,"Manamboli_Upper",14,55,295,"Mes fer","Mes fer","Mes fer",275,0,0,0,0,0,0,0,0,0,0,0,0,0,0,0,"Manamboli_Upper_14"
1504,"Manamboli_Upper",14,55,296,"Dry mal","Dry mal","Dry mal",74,0,0,0,0,0,0,0,0,0,0,0,0,0,0,0,"Manamboli_Upper_14"
1505,"Manamboli_Upper",14,55,297,"Fah zey","Par pen","Par pen",130,0,0,0,0,0,0,0,0,0,0,0,0,0,0,0,"Manamboli_Upper_14"
1506,"Manamboli_Upper",14,55,298,"Mes fer","Mes fer","Mes fer",155,0,0,0,0,0,0,0,0,0,0,0,0,0,0,0,"Manamboli_Upper_14"
1507,"Manamboli_Upper",14,55,299,"Dry mal","Dry mal","Dry mal",91,0,0,0,0,0,0,0,0,0,0,0,0,0,0,0,"Manamboli_Upper_14"
1508,"Manamboli_Upper",14,56,300,"Pal ell","Pal ell","Pal ell",230,0,0,0,0,0,0,0,0,0,0,0,0,0,0,0,"Manamboli_Upper_14"
1509,"Manamboli_Upper",14,56,301,"Mes fer","Mes fer","Mes fer",250,0,0,0,0,0,0,0,0,0,0,0,0,0,0,0,"Manamboli_Upper_14"
1510,"Manamboli_Upper",14,56,302,"Dry mal","Dry mal","Dry mal",80,0,0,0,0,0,0,0,0,0,0,0,0,0,0,0,"Manamboli_Upper_14"
1511,"Manamboli_Upper",14,56,303,"Bis jav","Bis jav","Bis jav",335,0,0,0,0,0,0,0,0,0,0,0,0,0,0,0,"Manamboli_Upper_14"
1512,"Manamboli_Upper",15,57,304,"Cas rub","Cas rub","Cas rub",101,0,0,0,0,0,0,0,0,0,0,0,0,0,0,0,"Manamboli_Upper_15"
1513,"Manamboli_Upper",15,57,305,"Ore int","Ore int","Ore int",66,27,0,0,0,0,0,0,0,0,0,0,0,0,0,0,"Manamboli_Upper_15"
1514,"Manamboli_Upper",15,57,306,"Act ang","Act gul","Act gul",140,0,0,0,0,0,0,0,0,0,0,0,0,0,0,0,"Manamboli_Upper_15"
1515,"Manamboli_Upper",15,57,307,"Mes fer","Mes fer","Mes fer",400,0,0,0,0,0,0,0,0,0,0,0,0,0,0,0,"Manamboli_Upper_15"
1516,"Manamboli_Upper",15,57,308,"Vat ind","Vat ind","Vat ind",40,0,0,0,0,0,0,0,0,0,0,0,0,0,0,0,"Manamboli_Upper_15"
1517,"Manamboli_Upper",15,57,309,"Syz hem","Syz hem","Syz hem",39,0,0,0,0,0,0,0,0,0,0,0,0,0,0,0,"Manamboli_Upper_15"
1518,"Manamboli_Upper",15,58,310,"Vat ind","Vat ind","Vat ind",67,0,0,0,0,0,0,0,0,0,0,0,0,0,0,0,"Manamboli_Upper_15"
1519,"Manamboli_Upper",15,58,311,"Dry mal","Dry mal","Dry mal",110,0,0,0,0,0,0,0,0,0,0,0,0,0,0,0,"Manamboli_Upper_15"
1520,"Manamboli_Upper",15,58,312,"Myr dac","Myr dac","Myr bed",170,0,0,0,0,0,0,0,0,0,0,0,0,0,0,0,"Manamboli_Upper_15"
1521,"Manamboli_Upper",15,58,313,"Mes fer","Mes fer","Mes fer",347,0,0,0,0,0,0,0,0,0,0,0,0,0,0,0,"Manamboli_Upper_15"
1522,"Manamboli_Upper",15,58,314,"Fah zey","Par pen","Par pen",200,0,0,0,0,0,0,0,0,0,0,0,0,0,0,0,"Manamboli_Upper_15"
1523,"Manamboli_Upper",15,59,315,"Pal ell","Pal ell","Pal ell",65,0,0,0,0,0,0,0,0,0,0,0,0,0,0,0,"Manamboli_Upper_15"
1524,"Manamboli_Upper",15,59,316,"Syz den","Syz den","Syz den",100,0,0,0,0,0,0,0,0,0,0,0,0,0,0,0,"Manamboli_Upper_15"
1525,"Manamboli_Upper",15,59,317,"Mes fer","Mes fer","Mes fer",225,0,0,0,0,0,0,0,0,0,0,0,0,0,0,0,"Manamboli_Upper_15"
1526,"Manamboli_Upper",15,59,318,"Pal ell","Pal ell","Pal ell",190,0,0,0,0,0,0,0,0,0,0,0,0,0,0,0,"Manamboli_Upper_15"
1527,"Manamboli_Upper",15,59,319,"Dry mal","Dry mal","Dry mal",120,0,0,0,0,0,0,0,0,0,0,0,0,0,0,0,"Manamboli_Upper_15"
1528,"Manamboli_Upper",15,60,320,"Vat ind","Vat ind","Vat ind",95,0,0,0,0,0,0,0,0,0,0,0,0,0,0,0,"Manamboli_Upper_15"
1529,"Manamboli_Upper",15,60,321,"Har arb","Har arb","Har arb",70,0,0,0,0,0,0,0,0,0,0,0,0,0,0,0,"Manamboli_Upper_15"
1530,"Manamboli_Upper",15,60,322,"Dim lon","Dim lon","Dim lon",70,0,0,0,0,0,0,0,0,0,0,0,0,0,0,0,"Manamboli_Upper_15"
1531,"Manamboli_Upper",16,61,323,"Mas arb","Mas arb","Mas arb",130,0,0,0,0,0,0,0,0,0,0,0,0,0,0,0,"Manamboli_Upper_16"
1532,"Manamboli_Upper",16,61,324,"Pal ell","Pal ell","Pal ell",200,0,0,0,0,0,0,0,0,0,0,0,0,0,0,0,"Manamboli_Upper_16"
1533,"Manamboli_Upper",16,61,325,"Mes fer","Mes fer","Mes fer",273,0,0,0,0,0,0,0,0,0,0,0,0,0,0,0,"Manamboli_Upper_16"
1534,"Manamboli_Upper",16,61,326,"Cul exa","Cul exa","Cul exa",315,0,0,0,0,0,0,0,0,0,0,0,0,0,0,0,"Manamboli_Upper_16"
1535,"Manamboli_Upper",16,61,327,"Agl jai","Agl jai","Agl law",36,0,0,0,0,0,0,0,0,0,0,0,0,0,0,0,"Manamboli_Upper_16"
1536,"Manamboli_Upper",16,62,328,"Dry mal","Dry mal","Dry mal",112,0,0,0,0,0,0,0,0,0,0,0,0,0,0,0,"Manamboli_Upper_16"
1537,"Manamboli_Upper",16,62,329,"Pal ell","Pal ell","Pal ell",140,0,0,0,0,0,0,0,0,0,0,0,0,0,0,0,"Manamboli_Upper_16"
1538,"Manamboli_Upper",16,62,330,"Dry mal","Dry mal","Dry mal",96,0,0,0,0,0,0,0,0,0,0,0,0,0,0,0,"Manamboli_Upper_16"
1539,"Manamboli_Upper",16,63,331,"Dry ela","Dry ven","Dry wig",76,0,0,0,0,0,0,0,0,0,0,0,0,0,0,0,"Manamboli_Upper_16"
1540,"Manamboli_Upper",16,63,332,"Dry ela","Dry ven","Dry wig",35,0,0,0,0,0,0,0,0,0,0,0,0,0,0,0,"Manamboli_Upper_16"
1541,"Manamboli_Upper",16,64,333,"Dio syl","Dio syl","Dio syl",81,0,0,0,0,0,0,0,0,0,0,0,0,0,0,0,"Manamboli_Upper_16"
1542,"Manamboli_Upper",16,64,334,"Myr dac","Myr dac","Myr bed",36,0,0,0,0,0,0,0,0,0,0,0,0,0,0,0,"Manamboli_Upper_16"
1543,"Manamboli_Upper",16,64,335,"Dry mal","Dry mal","Dry mal",89,0,0,0,0,0,0,0,0,0,0,0,0,0,0,0,"Manamboli_Upper_16"
1544,"Manamboli_Upper",16,64,336,"Agl jai","Agl jai","Agl law",120,0,0,0,0,0,0,0,0,0,0,0,0,0,0,0,"Manamboli_Upper_16"
1545,"Manamboli_Upper",16,64,337,"Fah zey","Par pen","Par pen",80,0,0,0,0,0,0,0,0,0,0,0,0,0,0,0,"Manamboli_Upper_16"
1546,"Manamboli_Upper",16,64,338,"Vat ind","Vat ind","Vat ind",67,0,0,0,0,0,0,0,0,0,0,0,0,0,0,0,"Manamboli_Upper_16"
1547,"Manamboli_Upper",16,64,339,"Mas arb","Mas arb","Mas arb",324,0,0,0,0,0,0,0,0,0,0,0,0,0,0,0,"Manamboli_Upper_16"
1548,"Manamboli_Upper",17,65,340,"Den sin","Den sin","Den sin",34,0,0,0,0,0,0,0,0,0,0,0,0,0,0,0,"Manamboli_Upper_17"
1549,"Manamboli_Upper",17,65,341,"Lit flo","Lit flo","Lit flo",102,0,0,0,0,0,0,0,0,0,0,0,0,0,0,0,"Manamboli_Upper_17"
1550,"Manamboli_Upper",17,65,342,"Agl jai","Agl jai","Agl law",40,0,0,0,0,0,0,0,0,0,0,0,0,0,0,0,"Manamboli_Upper_17"
1551,"Manamboli_Upper",17,65,343,"Dry mal","Dry mal","Dry mal",112,0,0,0,0,0,0,0,0,0,0,0,0,0,0,0,"Manamboli_Upper_17"
1552,"Manamboli_Upper",17,65,344,"Dry mal","Dry mal","Dry mal",94,0,0,0,0,0,0,0,0,0,0,0,0,0,0,0,"Manamboli_Upper_17"
1553,"Manamboli_Upper",17,66,345,"Cul exa","Cul exa","Cul exa",74,0,0,0,0,0,0,0,0,0,0,0,0,0,0,0,"Manamboli_Upper_17"
1554,"Manamboli_Upper",17,66,346,"Dry mal","Dry mal","Dry mal",75,0,0,0,0,0,0,0,0,0,0,0,0,0,0,0,"Manamboli_Upper_17"
1555,"Manamboli_Upper",17,66,347,"Pal ell","Pal ell","Pal ell",160,0,0,0,0,0,0,0,0,0,0,0,0,0,0,0,"Manamboli_Upper_17"
1556,"Manamboli_Upper",17,66,348,"Mac pel","Mac pel","Mac pel",194,0,0,0,0,0,0,0,0,0,0,0,0,0,0,0,"Manamboli_Upper_17"
1557,"Manamboli_Upper",17,67,349,"Dry mal","Dry mal","Dry mal",57,0,0,0,0,0,0,0,0,0,0,0,0,0,0,0,"Manamboli_Upper_17"
1558,"Manamboli_Upper",17,67,350,"Vat ind","Vat ind","Vat ind",141,0,0,0,0,0,0,0,0,0,0,0,0,0,0,0,"Manamboli_Upper_17"
1559,"Manamboli_Upper",17,67,351,"Vat ind","Vat ind","Vat ind",200,0,0,0,0,0,0,0,0,0,0,0,0,0,0,0,"Manamboli_Upper_17"
1560,"Manamboli_Upper",17,67,352,"Dry mal","Dry mal","Dry mal",106,0,0,0,0,0,0,0,0,0,0,0,0,0,0,0,"Manamboli_Upper_17"
1561,"Manamboli_Upper",17,67,353,"Cul exa","Cul exa","Cul exa",440,0,0,0,0,0,0,0,0,0,0,0,0,0,0,0,"Manamboli_Upper_17"
1562,"Manamboli_Upper",17,67,354,"Dry mal","Dry mal","Dry mal",87,0,0,0,0,0,0,0,0,0,0,0,0,0,0,0,"Manamboli_Upper_17"
1563,"Manamboli_Upper",17,67,355,"Mal ste","Mal res","Mal res",32,0,0,0,0,0,0,0,0,0,0,0,0,0,0,0,"Manamboli_Upper_17"
1564,"Manamboli_Upper",17,68,356,"Pal ell","Pal ell","Pal ell",89,0,0,0,0,0,0,0,0,0,0,0,0,0,0,0,"Manamboli_Upper_17"
1565,"Manamboli_Upper",17,68,357,"Dry mal","Dry mal","Dry mal",88,0,0,0,0,0,0,0,0,0,0,0,0,0,0,0,"Manamboli_Upper_17"
1566,"Manamboli_Upper",17,68,358,"Dry mal","Dry mal","Dry mal",86,0,0,0,0,0,0,0,0,0,0,0,0,0,0,0,"Manamboli_Upper_17"
1567,"Manamboli_Upper",18,69,359,"Hyd alp","Hyd alp","Hyd alp",137,12,10,16,21,0,0,0,0,0,0,0,0,0,0,0,"Manamboli_Upper_18"
1568,"Manamboli_Upper",18,69,360,"Vat ind","Vat ind","Vat ind",258,0,0,0,0,0,0,0,0,0,0,0,0,0,0,0,"Manamboli_Upper_18"
1569,"Manamboli_Upper",18,69,361,"Vat ind","Vat ind","Vat ind",117,0,0,0,0,0,0,0,0,0,0,0,0,0,0,0,"Manamboli_Upper_18"
1570,"Manamboli_Upper",18,69,362,"Hyd alp","Hyd alp","Hyd alp",70,0,0,0,0,0,0,0,0,0,0,0,0,0,0,0,"Manamboli_Upper_18"
1571,"Manamboli_Upper",18,70,363,"Cul exa","Cul exa","Cul exa",290,0,0,0,0,0,0,0,0,0,0,0,0,0,0,0,"Manamboli_Upper_18"
1572,"Manamboli_Upper",18,70,364,"Ore int","Ore int","Ore int",45,40,0,0,0,0,0,0,0,0,0,0,0,0,0,0,"Manamboli_Upper_18"
1573,"Manamboli_Upper",18,70,365,"Vat ind","Vat ind","Vat ind",110,0,0,0,0,0,0,0,0,0,0,0,0,0,0,0,"Manamboli_Upper_18"
1574,"Manamboli_Upper",18,71,366,"Vat ind","Vat ind","Vat ind",215,0,0,0,0,0,0,0,0,0,0,0,0,0,0,0,"Manamboli_Upper_18"
1575,"Manamboli_Upper",18,71,367,"Ant men","Ant mon","Ant mon",35,0,0,0,0,0,0,0,0,0,0,0,0,0,0,0,"Manamboli_Upper_18"
1576,"Manamboli_Upper",18,71,368,"Vat ind","Vat ind","Vat ind",145,0,0,0,0,0,0,0,0,0,0,0,0,0,0,0,"Manamboli_Upper_18"
1577,"Manamboli_Upper",18,71,369,"Fah zey","Par pen","Par pen",85,0,0,0,0,0,0,0,0,0,0,0,0,0,0,0,"Manamboli_Upper_18"
1578,"Manamboli_Upper",18,72,370,"Dry mal","Dry mal","Dry mal",85,0,0,0,0,0,0,0,0,0,0,0,0,0,0,0,"Manamboli_Upper_18"
1579,"Manamboli_Upper",18,72,371,"Pal ell","Pal ell","Pal ell",200,0,0,0,0,0,0,0,0,0,0,0,0,0,0,0,"Manamboli_Upper_18"
1580,"Manamboli_Upper",18,72,372,"Vat ind","Vat ind","Vat ind",43,0,0,0,0,0,0,0,0,0,0,0,0,0,0,0,"Manamboli_Upper_18"
1581,"Manamboli_Upper",18,72,373,"Cul exa","Cul exa","Cul exa",150,0,0,0,0,0,0,0,0,0,0,0,0,0,0,0,"Manamboli_Upper_18"
1582,"Manamboli_Upper",18,72,374,"Pal ell","Pal ell","Pal ell",245,0,0,0,0,0,0,0,0,0,0,0,0,0,0,0,"Manamboli_Upper_18"
1583,"Manamboli_Upper",18,72,375,"Vat ind","Vat ind","Vat ind",234,0,0,0,0,0,0,0,0,0,0,0,0,0,0,0,"Manamboli_Upper_18"
1584,"Manamboli_Upper",18,72,376,"Hol nig","Hol nig","Hol nig",90,0,0,0,0,0,0,0,0,0,0,0,0,0,0,0,"Manamboli_Upper_18"
1585,"Manamboli_Upper",18,72,377,"Agl exs","Agl exs","Agl exs",35,0,0,0,0,0,0,0,0,0,0,0,0,0,0,0,"Manamboli_Upper_18"
1586,"Manamboli_Upper",19,73,378,"Myr dac","Myr dac","Myr bed",110,0,0,0,0,0,0,0,0,0,0,0,0,0,0,0,"Manamboli_Upper_19"
1587,"Manamboli_Upper",19,73,379,"Mes fer","Mes fer","Mes fer",345,0,0,0,0,0,0,0,0,0,0,0,0,0,0,0,"Manamboli_Upper_19"
1588,"Manamboli_Upper",19,73,380,"Pal ell","Pal ell","Pal ell",128,0,0,0,0,0,0,0,0,0,0,0,0,0,0,0,"Manamboli_Upper_19"
1589,"Manamboli_Upper",19,73,381,"Ore int","Ore int","Ore int",48,45,0,0,0,0,0,0,0,0,0,0,0,0,0,0,"Manamboli_Upper_19"
1590,"Manamboli_Upper",19,73,382,"Myr dac","Myr dac","Myr bed",145,0,0,0,0,0,0,0,0,0,0,0,0,0,0,0,"Manamboli_Upper_19"
1591,"Manamboli_Upper",19,74,383,"Cul exa","Cul exa","Cul exa",180,0,0,0,0,0,0,0,0,0,0,0,0,0,0,0,"Manamboli_Upper_19"
1592,"Manamboli_Upper",19,74,384,"Ore int","Ore int","Ore int",35,0,0,0,0,0,0,0,0,0,0,0,0,0,0,0,"Manamboli_Upper_19"
1593,"Manamboli_Upper",19,74,385,"Ore int","Ore int","Ore int",40,0,0,0,0,0,0,0,0,0,0,0,0,0,0,0,"Manamboli_Upper_19"
1594,"Manamboli_Upper",19,74,386,"Pal ell","Pal ell","Pal ell",205,0,0,0,0,0,0,0,0,0,0,0,0,0,0,0,"Manamboli_Upper_19"
1595,"Manamboli_Upper",19,74,387,"Hyd alp","Hyd alp","Hyd alp",32,0,0,0,0,0,0,0,0,0,0,0,0,0,0,0,"Manamboli_Upper_19"
1596,"Manamboli_Upper",19,75,388,"Ant men","Ant mon","Ant mon",110,0,0,0,0,0,0,0,0,0,0,0,0,0,0,0,"Manamboli_Upper_19"
1597,"Manamboli_Upper",19,75,389,"Cul exa","Cul exa","Cul exa",410,0,0,0,0,0,0,0,0,0,0,0,0,0,0,0,"Manamboli_Upper_19"
1598,"Manamboli_Upper",19,75,390,"Ore int","Ore int","Ore int",48,46,0,0,0,0,0,0,0,0,0,0,0,0,0,0,"Manamboli_Upper_19"
1599,"Manamboli_Upper",19,75,391,"Vat ind","Vat ind","Vat ind",290,0,0,0,0,0,0,0,0,0,0,0,0,0,0,0,"Manamboli_Upper_19"
1600,"Manamboli_Upper",19,75,392,"Ore int","Ore int","Ore int",61,0,0,0,0,0,0,0,0,0,0,0,0,0,0,0,"Manamboli_Upper_19"
1601,"Manamboli_Upper",19,76,393,"Pal ell","Pal ell","Pal ell",174,0,0,0,0,0,0,0,0,0,0,0,0,0,0,0,"Manamboli_Upper_19"
1602,"Manamboli_Upper",19,76,394,"Cul exa","Cul exa","Cul exa",147,0,0,0,0,0,0,0,0,0,0,0,0,0,0,0,"Manamboli_Upper_19"
1603,"Manamboli_Upper",20,77,395,"Mes fer","Mes fer","Mes fer",223,0,0,0,0,0,0,0,0,0,0,0,0,0,0,0,"Manamboli_Upper_20"
1604,"Manamboli_Upper",20,77,396,"Pal ell","Pal ell","Pal ell",198,0,0,0,0,0,0,0,0,0,0,0,0,0,0,0,"Manamboli_Upper_20"
1605,"Manamboli_Upper",20,78,397,"Dry mal","Dry mal","Dry mal",95,0,0,0,0,0,0,0,0,0,0,0,0,0,0,0,"Manamboli_Upper_20"
1606,"Manamboli_Upper",20,78,398,"Cul exa","Cul exa","Cul exa",290,0,0,0,0,0,0,0,0,0,0,0,0,0,0,0,"Manamboli_Upper_20"
1607,"Manamboli_Upper",20,78,399,"Cul exa","Cul exa","Cul exa",245,0,0,0,0,0,0,0,0,0,0,0,0,0,0,0,"Manamboli_Upper_20"
1608,"Manamboli_Upper",20,78,400,"Dry mal","Dry mal","Dry mal",110,0,0,0,0,0,0,0,0,0,0,0,0,0,0,0,"Manamboli_Upper_20"
1609,"Manamboli_Upper",20,79,401,"Dim bed","Dim bed","Dim bed",105,0,0,0,0,0,0,0,0,0,0,0,0,0,0,0,"Manamboli_Upper_20"
1610,"Manamboli_Upper",20,79,402,"Ore int","Ore int","Ore int",62,0,0,0,0,0,0,0,0,0,0,0,0,0,0,0,"Manamboli_Upper_20"
1611,"Manamboli_Upper",20,79,403,"Hol nig","Hol nig","Hol nig",280,0,0,0,0,0,0,0,0,0,0,0,0,0,0,0,"Manamboli_Upper_20"
1612,"Manamboli_Upper",20,80,404,"Ore int","Ore int","Ore int",85,0,0,0,0,0,0,0,0,0,0,0,0,0,0,0,"Manamboli_Upper_20"
1613,"Manamboli_Upper",20,80,405,"Ore int","Ore int","Ore int",31,0,0,0,0,0,0,0,0,0,0,0,0,0,0,0,"Manamboli_Upper_20"
1614,"Manamboli_Upper",20,80,406,"Ore int","Ore int","Ore int",74,0,0,0,0,0,0,0,0,0,0,0,0,0,0,0,"Manamboli_Upper_20"
1615,"Manamboli_Upper",20,80,407,"Dio syl","Dio syl","Dio syl",36,0,0,0,0,0,0,0,0,0,0,0,0,0,0,0,"Manamboli_Upper_20"
1616,"Manamboli_Upper",20,80,408,"Vat ind","Vat ind","Vat ind",102,0,0,0,0,0,0,0,0,0,0,0,0,0,0,0,"Manamboli_Upper_20"
1617,"Manamboli_Upper",20,80,409,"Ore int","Ore int","Ore int",39,27,0,0,0,0,0,0,0,0,0,0,0,0,0,0,"Manamboli_Upper_20"
1618,"Manamboli_Upper",20,80,410,"Pal ell","Pal ell","Pal ell",174,0,0,0,0,0,0,0,0,0,0,0,0,0,0,0,"Manamboli_Upper_20"
1619,"Manamboli_Upper",20,80,411,"Dry ela","Dry ven","Dry wig",72,0,0,0,0,0,0,0,0,0,0,0,0,0,0,0,"Manamboli_Upper_20"
1620,"Manamboli_Upper",20,80,412,"Cul exa","Cul exa","Cul exa",245,0,0,0,0,0,0,0,0,0,0,0,0,0,0,0,"Manamboli_Upper_20"
1621,"Manamboli_Upper",21,81,413,"Pal ell","Pal ell","Pal ell",292,0,0,0,0,0,0,0,0,0,0,0,0,0,0,0,"Manamboli_Upper_21"
1622,"Manamboli_Upper",21,81,414,"Den sin","Den sin","Den sin",32,0,0,0,0,0,0,0,0,0,0,0,0,0,0,0,"Manamboli_Upper_21"
1623,"Manamboli_Upper",21,81,415,"Cul exa","Cul exa","Cul exa",440,0,0,0,0,0,0,0,0,0,0,0,0,0,0,0,"Manamboli_Upper_21"
1624,"Manamboli_Upper",21,81,416,"Dry mal","Dry mal","Dry mal",115,0,0,0,0,0,0,0,0,0,0,0,0,0,0,0,"Manamboli_Upper_21"
1625,"Manamboli_Upper",21,81,417,"Cul exa","Cul exa","Cul exa",116,0,0,0,0,0,0,0,0,0,0,0,0,0,0,0,"Manamboli_Upper_21"
1626,"Manamboli_Upper",21,81,418,"Den sin","Den sin","Den sin",33,33,0,0,0,0,0,0,0,0,0,0,0,0,0,0,"Manamboli_Upper_21"
1627,"Manamboli_Upper",21,82,419,"Dry ela","Dry ven","Dry wig",70,0,0,0,0,0,0,0,0,0,0,0,0,0,0,0,"Manamboli_Upper_21"
1628,"Manamboli_Upper",21,82,420,"Dio syl","Dio syl","Dio syl",77,0,0,0,0,0,0,0,0,0,0,0,0,0,0,0,"Manamboli_Upper_21"
1629,"Manamboli_Upper",21,82,421,"Man ind","Man ind","Man ind",610,0,0,0,0,0,0,0,0,0,0,0,0,0,0,0,"Manamboli_Upper_21"
1630,"Manamboli_Upper",21,82,422,"Fah zey","Par pen","Par pen",94,0,0,0,0,0,0,0,0,0,0,0,0,0,0,0,"Manamboli_Upper_21"
1631,"Manamboli_Upper",21,82,423,"Vat ind","Vat ind","Vat ind",83,0,0,0,0,0,0,0,0,0,0,0,0,0,0,0,"Manamboli_Upper_21"
1632,"Manamboli_Upper",21,83,424,"Myr dac","Myr dac","Myr bed",250,0,0,0,0,0,0,0,0,0,0,0,0,0,0,0,"Manamboli_Upper_21"
1633,"Manamboli_Upper",21,83,425,"Cul exa","Cul exa","Cul exa",380,0,0,0,0,0,0,0,0,0,0,0,0,0,0,0,"Manamboli_Upper_21"
1634,"Manamboli_Upper",21,83,426,"Mas arb","Mas arb","Mas arb",225,0,0,0,0,0,0,0,0,0,0,0,0,0,0,0,"Manamboli_Upper_21"
1635,"Manamboli_Upper",21,83,427,"Myr dac","Myr dac","Myr bed",120,0,0,0,0,0,0,0,0,0,0,0,0,0,0,0,"Manamboli_Upper_21"
1636,"Manamboli_Upper",21,84,428,"Ore int","Ore int","Ore int",40,39,0,0,0,0,0,0,0,0,0,0,0,0,0,0,"Manamboli_Upper_21"
1637,"Manamboli_Upper",21,84,429,"Cul exa","Cul exa","Cul exa",270,0,0,0,0,0,0,0,0,0,0,0,0,0,0,0,"Manamboli_Upper_21"
1638,"Manamboli_Upper",22,85,430,"Dry mal","Dry mal","Dry mal",136,0,0,0,0,0,0,0,0,0,0,0,0,0,0,0,"Manamboli_Upper_22"
1639,"Manamboli_Upper",22,85,431,"Agl sim","Agl sim","Agl sim",37,0,0,0,0,0,0,0,0,0,0,0,0,0,0,0,"Manamboli_Upper_22"
1640,"Manamboli_Upper",22,85,432,"Pal ell","Pal ell","Pal ell",129,0,0,0,0,0,0,0,0,0,0,0,0,0,0,0,"Manamboli_Upper_22"
1641,"Manamboli_Upper",22,85,433,"Cul exa","Cul exa","Cul exa",272,0,0,0,0,0,0,0,0,0,0,0,0,0,0,0,"Manamboli_Upper_22"
1642,"Manamboli_Upper",22,85,434,"Mes fer","Mes fer","Mes fer",155,0,0,0,0,0,0,0,0,0,0,0,0,0,0,0,"Manamboli_Upper_22"
1643,"Manamboli_Upper",22,85,435,"Pal ell","Pal ell","Pal ell",141,0,0,0,0,0,0,0,0,0,0,0,0,0,0,0,"Manamboli_Upper_22"
1644,"Manamboli_Upper",22,86,436,"Pal ell","Pal ell","Pal ell",110,0,0,0,0,0,0,0,0,0,0,0,0,0,0,0,"Manamboli_Upper_22"
1645,"Manamboli_Upper",22,86,437,"Fah zey","Par pen","Par pen",180,0,0,0,0,0,0,0,0,0,0,0,0,0,0,0,"Manamboli_Upper_22"
1646,"Manamboli_Upper",22,86,438,"Vep bil","Vep bil","Vep bil",88,0,0,0,0,0,0,0,0,0,0,0,0,0,0,0,"Manamboli_Upper_22"
1647,"Manamboli_Upper",22,86,439,"Vat ind","Vat ind","Vat ind",33,0,0,0,0,0,0,0,0,0,0,0,0,0,0,0,"Manamboli_Upper_22"
1648,"Manamboli_Upper",22,86,440,"Cul exa","Cul exa","Cul exa",385,0,0,0,0,0,0,0,0,0,0,0,0,0,0,0,"Manamboli_Upper_22"
1649,"Manamboli_Upper",22,86,441,"Ore int","Ore int","Ore int",41,30,27,0,0,0,0,0,0,0,0,0,0,0,0,0,"Manamboli_Upper_22"
1650,"Manamboli_Upper",22,86,442,"Fic ner","Fic ner","Fic ner",31,0,0,0,0,0,0,0,0,0,0,0,0,0,0,0,"Manamboli_Upper_22"
1651,"Manamboli_Upper",22,86,443,"Ard rha","Ard rho","Ard rho",42,0,0,0,0,0,0,0,0,0,0,0,0,0,0,0,"Manamboli_Upper_22"
1652,"Manamboli_Upper",22,87,444,"Ant men","Ant mon","Ant mon",84,0,0,0,0,0,0,0,0,0,0,0,0,0,0,0,"Manamboli_Upper_22"
1653,"Manamboli_Upper",22,87,445,"Sem tra","Sem tra","Sem tra",113,0,0,0,0,0,0,0,0,0,0,0,0,0,0,0,"Manamboli_Upper_22"
1654,"Manamboli_Upper",22,87,446,"Agl sim","Agl sim","Agl sim",42,0,0,0,0,0,0,0,0,0,0,0,0,0,0,0,"Manamboli_Upper_22"
1655,"Manamboli_Upper",22,88,447,"Pal ell","Pal ell","Pal ell",130,0,0,0,0,0,0,0,0,0,0,0,0,0,0,0,"Manamboli_Upper_22"
1656,"Manamboli_Upper",22,88,448,"Myr dac","Myr dac","Myr bed",140,0,0,0,0,0,0,0,0,0,0,0,0,0,0,0,"Manamboli_Upper_22"
1657,"Manamboli_Upper",22,88,449,"Dry ela","Dry ven","Dry wig",79,0,0,0,0,0,0,0,0,0,0,0,0,0,0,0,"Manamboli_Upper_22"
1658,"Manamboli_Upper",22,88,450,"Cal pol","Cal pol","Cal pol",280,0,0,0,0,0,0,0,0,0,0,0,0,0,0,0,"Manamboli_Upper_22"
1659,"Manamboli_Upper",23,89,451,"Cul exa","Cul exa","Cul exa",170,0,0,0,0,0,0,0,0,0,0,0,0,0,0,0,"Manamboli_Upper_23"
1660,"Manamboli_Upper",23,89,452,"Hol nig","Hol nig","Hol nig",80,0,0,0,0,0,0,0,0,0,0,0,0,0,0,0,"Manamboli_Upper_23"
1661,"Manamboli_Upper",23,89,453,"Gar mor","Gar mor","Gar mor",75,0,0,0,0,0,0,0,0,0,0,0,0,0,0,0,"Manamboli_Upper_23"
1662,"Manamboli_Upper",23,89,454,"Ant men","Ant mon","Ant mon",60,0,0,0,0,0,0,0,0,0,0,0,0,0,0,0,"Manamboli_Upper_23"
1663,"Manamboli_Upper",23,90,455,"Dio syl","Dio syl","Dio syl",85,0,0,0,0,0,0,0,0,0,0,0,0,0,0,0,"Manamboli_Upper_23"
1664,"Manamboli_Upper",23,90,456,"Dim bed","Dim bed","Dim bed",130,0,0,0,0,0,0,0,0,0,0,0,0,0,0,0,"Manamboli_Upper_23"
1665,"Manamboli_Upper",23,90,457,"Pal ell","Pal ell","Pal ell",140,0,0,0,0,0,0,0,0,0,0,0,0,0,0,0,"Manamboli_Upper_23"
1666,"Manamboli_Upper",23,90,458,"Cul exa","Cul exa","Cul exa",110,0,0,0,0,0,0,0,0,0,0,0,0,0,0,0,"Manamboli_Upper_23"
1667,"Manamboli_Upper",23,90,459,"Cro mal","Cro mal","Cro mal",50,0,0,0,0,0,0,0,0,0,0,0,0,0,0,0,"Manamboli_Upper_23"
1668,"Manamboli_Upper",23,91,460,"Pal ell","Pal ell","Pal ell",120,0,0,0,0,0,0,0,0,0,0,0,0,0,0,0,"Manamboli_Upper_23"
1669,"Manamboli_Upper",23,91,461,"Dry ela","Dry ven","Dry wig",105,0,0,0,0,0,0,0,0,0,0,0,0,0,0,0,"Manamboli_Upper_23"
1670,"Manamboli_Upper",23,91,462,"Ore int","Ore int","Ore int",38,0,0,0,0,0,0,0,0,0,0,0,0,0,0,0,"Manamboli_Upper_23"
1671,"Manamboli_Upper",23,91,463,"Pal ell","Pal ell","Pal ell",160,0,0,0,0,0,0,0,0,0,0,0,0,0,0,0,"Manamboli_Upper_23"
1672,"Manamboli_Upper",23,91,464,"Vat ind","Vat ind","Vat ind",72,0,0,0,0,0,0,0,0,0,0,0,0,0,0,0,"Manamboli_Upper_23"
1673,"Manamboli_Upper",23,91,465,"Cul exa","Cul exa","Cul exa",96,0,0,0,0,0,0,0,0,0,0,0,0,0,0,0,"Manamboli_Upper_23"
1674,"Manamboli_Upper",23,91,466,"Fic ner","Fic ner","Fic ner",420,0,0,0,0,0,0,0,0,0,0,0,0,0,0,0,"Manamboli_Upper_23"
1675,"Manamboli_Upper",23,91,467,"Vat ind","Vat ind","Vat ind",71,0,0,0,0,0,0,0,0,0,0,0,0,0,0,0,"Manamboli_Upper_23"
1676,"Manamboli_Upper",23,92,468,"Gom cor","Gom cor","Gom cor",31,0,0,0,0,0,0,0,0,0,0,0,0,0,0,0,"Manamboli_Upper_23"
1677,"Manamboli_Upper",23,92,469,"Myr dac","Myr dac","Myr bed",124,0,0,0,0,0,0,0,0,0,0,0,0,0,0,0,"Manamboli_Upper_23"
1678,"Manamboli_Upper",23,92,470,"Ore int","Ore int","Ore int",32,0,0,0,0,0,0,0,0,0,0,0,0,0,0,0,"Manamboli_Upper_23"
1679,"Manamboli_Upper",23,92,471,"Syz hem","Syz hem","Syz hem",76,0,0,0,0,0,0,0,0,0,0,0,0,0,0,0,"Manamboli_Upper_23"
1680,"Manamboli_Upper",23,92,472,"Dry mal","Dry mal","Dry mal",33,0,0,0,0,0,0,0,0,0,0,0,0,0,0,0,"Manamboli_Upper_23"
1681,"Manamboli_Upper",23,92,473,"Den sin","Den sin","Den sin",39,0,0,0,0,0,0,0,0,0,0,0,0,0,0,0,"Manamboli_Upper_23"
1682,"Manamboli_Upper",24,93,474,"Cin mal","Cin mal","Cin mal",72,0,0,0,0,0,0,0,0,0,0,0,0,0,0,0,"Manamboli_Upper_24"
1683,"Manamboli_Upper",24,93,475,"Fah zey","Par pen","Par pen",75,0,0,0,0,0,0,0,0,0,0,0,0,0,0,0,"Manamboli_Upper_24"
1684,"Manamboli_Upper",24,93,476,"Dio syl","Dio syl","Dio syl",68,0,0,0,0,0,0,0,0,0,0,0,0,0,0,0,"Manamboli_Upper_24"
1685,"Manamboli_Upper",24,93,477,"Dry mal","Dry mal","Dry mal",78,0,0,0,0,0,0,0,0,0,0,0,0,0,0,0,"Manamboli_Upper_24"
1686,"Manamboli_Upper",24,93,478,"Dry mal","Dry mal","Dry mal",58,0,0,0,0,0,0,0,0,0,0,0,0,0,0,0,"Manamboli_Upper_24"
1687,"Manamboli_Upper",24,93,479,"Vat ind","Vat ind","Vat ind",96,0,0,0,0,0,0,0,0,0,0,0,0,0,0,0,"Manamboli_Upper_24"
1688,"Manamboli_Upper",24,94,480,"Pho pan","Pho pan","Pho pan",38,0,0,0,0,0,0,0,0,0,0,0,0,0,0,0,"Manamboli_Upper_24"
1689,"Manamboli_Upper",24,94,481,"Agl exs","Agl exs","Agl exs",42,0,0,0,0,0,0,0,0,0,0,0,0,0,0,0,"Manamboli_Upper_24"
1690,"Manamboli_Upper",24,95,482,"Den sin","Den sin","Den sin",37,0,0,0,0,0,0,0,0,0,0,0,0,0,0,0,"Manamboli_Upper_24"
1691,"Manamboli_Upper",24,95,483,"Ore int","Ore int","Ore int",36,0,0,0,0,0,0,0,0,0,0,0,0,0,0,0,"Manamboli_Upper_24"
1692,"Manamboli_Upper",24,95,484,"Ore int","Ore int","Ore int",57,0,0,0,0,0,0,0,0,0,0,0,0,0,0,0,"Manamboli_Upper_24"
1693,"Manamboli_Upper",24,95,485,"Fah zey","Par pen","Par pen",107,0,0,0,0,0,0,0,0,0,0,0,0,0,0,0,"Manamboli_Upper_24"
1694,"Manamboli_Upper",24,95,486,"Cul exa","Cul exa","Cul exa",57,0,0,0,0,0,0,0,0,0,0,0,0,0,0,0,"Manamboli_Upper_24"
1695,"Manamboli_Upper",24,95,487,"Cul exa","Cul exa","Cul exa",280,0,0,0,0,0,0,0,0,0,0,0,0,0,0,0,"Manamboli_Upper_24"
1696,"Manamboli_Upper",24,95,488,"Cul exa","Cul exa","Cul exa",415,0,0,0,0,0,0,0,0,0,0,0,0,0,0,0,"Manamboli_Upper_24"
1697,"Manamboli_Upper",24,96,489,"Dio syl","Dio syl","Dio syl",103,0,0,0,0,0,0,0,0,0,0,0,0,0,0,0,"Manamboli_Upper_24"
1698,"Manamboli_Upper",24,96,490,"Pal ell","Pal ell","Pal ell",101,0,0,0,0,0,0,0,0,0,0,0,0,0,0,0,"Manamboli_Upper_24"
1699,"Manamboli_Upper",24,96,491,"Dry mal","Dry mal","Dry mal",113,0,0,0,0,0,0,0,0,0,0,0,0,0,0,0,"Manamboli_Upper_24"
1700,"Manamboli_Upper",24,96,492,"Ant men","Ant mon","Ant mon",52,0,0,0,0,0,0,0,0,0,0,0,0,0,0,0,"Manamboli_Upper_24"
1701,"Manamboli_Upper",24,96,493,"Cul exa","Cul exa","Cul exa",480,0,0,0,0,0,0,0,0,0,0,0,0,0,0,0,"Manamboli_Upper_24"
1702,"Manamboli_Upper",25,97,494,"Cro mal","Cro mal","Cro mal",70,0,0,0,0,0,0,0,0,0,0,0,0,0,0,0,"Manamboli_Upper_25"
1703,"Manamboli_Upper",25,97,495,"Agr mee","Agr bor","Agr bor",62,0,0,0,0,0,0,0,0,0,0,0,0,0,0,0,"Manamboli_Upper_25"
1704,"Manamboli_Upper",25,97,496,"Hol nig","Hol nig","Hol nig",114,0,0,0,0,0,0,0,0,0,0,0,0,0,0,0,"Manamboli_Upper_25"
1705,"Manamboli_Upper",25,97,497,"Vat ind","Vat ind","Vat ind",139,0,0,0,0,0,0,0,0,0,0,0,0,0,0,0,"Manamboli_Upper_25"
1706,"Manamboli_Upper",25,98,498,"Fah zey","Par pen","Par pen",50,0,0,0,0,0,0,0,0,0,0,0,0,0,0,0,"Manamboli_Upper_25"
1707,"Manamboli_Upper",25,98,499,"Agr mee","Agr bor","Agr bor",74,0,0,0,0,0,0,0,0,0,0,0,0,0,0,0,"Manamboli_Upper_25"
1708,"Manamboli_Upper",25,98,500,"Cro mal","Cro mal","Cro mal",55,0,0,0,0,0,0,0,0,0,0,0,0,0,0,0,"Manamboli_Upper_25"
1709,"Manamboli_Upper",25,98,501,"Ant men","Ant mon","Ant mon",71,0,0,0,0,0,0,0,0,0,0,0,0,0,0,0,"Manamboli_Upper_25"
1710,"Manamboli_Upper",25,98,502,"Fic ner","Fic ner","Fic ner",475,0,0,0,0,0,0,0,0,0,0,0,0,0,0,0,"Manamboli_Upper_25"
1711,"Manamboli_Upper",25,99,503,"Dry mal","Dry mal","Dry mal",60,0,0,0,0,0,0,0,0,0,0,0,0,0,0,0,"Manamboli_Upper_25"
1712,"Manamboli_Upper",25,99,504,"Vep bil","Vep bil","Vep bil",106,0,0,0,0,0,0,0,0,0,0,0,0,0,0,0,"Manamboli_Upper_25"
1713,"Manamboli_Upper",25,99,505,"Dry ela","Dry ven","Dry wig",65,0,0,0,0,0,0,0,0,0,0,0,0,0,0,0,"Manamboli_Upper_25"
1714,"Manamboli_Upper",25,99,506,"Fic bed","Fic bed","Fic bed",760,0,0,0,0,0,0,0,0,0,0,0,0,0,0,0,"Manamboli_Upper_25"
1715,"Manamboli_Upper",25,99,507,"Dry mal","Dry mal","Dry mal",92,0,0,0,0,0,0,0,0,0,0,0,0,0,0,0,"Manamboli_Upper_25"
1716,"Manamboli_Upper",25,99,508,"Dio syl","Dio syl","Dio syl",82,0,0,0,0,0,0,0,0,0,0,0,0,0,0,0,"Manamboli_Upper_25"
1717,"Manamboli_Upper",25,99,509,"Dry ela","Dry ven","Dry wig",52,0,0,0,0,0,0,0,0,0,0,0,0,0,0,0,"Manamboli_Upper_25"
1718,"Manamboli_Upper",25,99,510,"Cul exa","Cul exa","Cul exa",430,0,0,0,0,0,0,0,0,0,0,0,0,0,0,0,"Manamboli_Upper_25"
1719,"Manamboli_Upper",25,99,511,"Cry bou","Cry wig","Cry wig",81,0,0,0,0,0,0,0,0,0,0,0,0,0,0,0,"Manamboli_Upper_25"
1720,"Manamboli_Upper",25,100,512,"Fah zey","Par pen","Par pen",148,0,0,0,0,0,0,0,0,0,0,0,0,0,0,0,"Manamboli_Upper_25"
1721,"Manamboli_Upper",25,100,513,"Cro mal","Cro mal","Cro mal",57,0,0,0,0,0,0,0,0,0,0,0,0,0,0,0,"Manamboli_Upper_25"
1722,"Manamboli_Upper",25,100,514,"Hol nig","Hol nig","Hol nig",225,0,0,0,0,0,0,0,0,0,0,0,0,0,0,0,"Manamboli_Upper_25"
1723,"Manamboli_Upper",25,100,515,"Agr mee","Agr bor","Agr bor",56,0,0,0,0,0,0,0,0,0,0,0,0,0,0,0,"Manamboli_Upper_25"
1724,"Manamboli_Upper",25,100,516,"Dio syl","Dio syl","Dio syl",53,0,0,0,0,0,0,0,0,0,0,0,0,0,0,0,"Manamboli_Upper_25"
1725,"Manamboli_Lower",1,1,1,"Rei ana","Rei ana","Rei ana",92,0,0,0,0,0,0,0,0,0,0,0,0,0,0,0,"Manamboli_Lower_1"
1726,"Manamboli_Lower",1,1,2,"Dry ela","Dry ven","Dry wig",82,0,0,0,0,0,0,0,0,0,0,0,0,0,0,0,"Manamboli_Lower_1"
1727,"Manamboli_Lower",1,1,3,"Dry mal","Dry mal","Dry mal",120,0,0,0,0,0,0,0,0,0,0,0,0,0,0,0,"Manamboli_Lower_1"
1728,"Manamboli_Lower",1,1,4,"Cul exa","Cul exa","Cul exa",167,0,0,0,0,0,0,0,0,0,0,0,0,0,0,0,"Manamboli_Lower_1"
1729,"Manamboli_Lower",1,1,5,"Dys mal","Dys mal","Dys mal",170,0,0,0,0,0,0,0,0,0,0,0,0,0,0,0,"Manamboli_Lower_1"
1730,"Manamboli_Lower",1,1,6,"Dry mal","Dry mal","Dry mal",70,0,0,0,0,0,0,0,0,0,0,0,0,0,0,0,"Manamboli_Lower_1"
1731,"Manamboli_Lower",1,2,7,"Dys mal","Dys mal","Dys mal",245,0,0,0,0,0,0,0,0,0,0,0,0,0,0,0,"Manamboli_Lower_1"
1732,"Manamboli_Lower",1,2,8,"Dys mal","Dys mal","Dys mal",70,0,0,0,0,0,0,0,0,0,0,0,0,0,0,0,"Manamboli_Lower_1"
1733,"Manamboli_Lower",1,2,9,"Mei pan","Mei pan","Mei pan",62,0,0,0,0,0,0,0,0,0,0,0,0,0,0,0,"Manamboli_Lower_1"
1734,"Manamboli_Lower",1,2,10,"Bac cou","NA","Bac cou",37,0,0,0,0,0,0,0,0,0,0,0,0,0,0,0,"Manamboli_Lower_1"
1735,"Manamboli_Lower",1,2,11,"Pal ell","Pal ell","Pal ell",150,0,0,0,0,0,0,0,0,0,0,0,0,0,0,0,"Manamboli_Lower_1"
1736,"Manamboli_Lower",1,3,12,"Cul exa","Cul exa","Cul exa",320,0,0,0,0,0,0,0,0,0,0,0,0,0,0,0,"Manamboli_Lower_1"
1737,"Manamboli_Lower",1,3,13,"Rei ana","Rei ana","Rei ana",85,0,0,0,0,0,0,0,0,0,0,0,0,0,0,0,"Manamboli_Lower_1"
1738,"Manamboli_Lower",1,3,14,"Her pop","Her pap","Her pap",115,0,0,0,0,0,0,0,0,0,0,0,0,0,0,0,"Manamboli_Lower_1"
1739,"Manamboli_Lower",1,3,15,"Dry ela","Dry ven","Dry wig",65,0,0,0,0,0,0,0,0,0,0,0,0,0,0,0,"Manamboli_Lower_1"
1740,"Manamboli_Lower",1,3,16,"Myr dac","Myr dac","Myr bed",50,0,0,0,0,0,0,0,0,0,0,0,0,0,0,0,"Manamboli_Lower_1"
1741,"Manamboli_Lower",1,3,17,"Vat ind","Vat ind","Vat ind",220,0,0,0,0,0,0,0,0,0,0,0,0,0,0,0,"Manamboli_Lower_1"
1742,"Manamboli_Lower",1,4,18,"Gom cor","Gom cor","Gom cor",60,0,0,0,0,0,0,0,0,0,0,0,0,0,0,0,"Manamboli_Lower_1"
1743,"Manamboli_Lower",1,4,19,"Pal ell","Pal ell","Pal ell",240,0,0,0,0,0,0,0,0,0,0,0,0,0,0,0,"Manamboli_Lower_1"
1744,"Manamboli_Lower",1,4,20,"Cul exa","Cul exa","Cul exa",150,0,0,0,0,0,0,0,0,0,0,0,0,0,0,0,"Manamboli_Lower_1"
1745,"Manamboli_Lower",1,4,21,"Dry ela","Dry ven","Dry wig",70,0,0,0,0,0,0,0,0,0,0,0,0,0,0,0,"Manamboli_Lower_1"
1746,"Manamboli_Lower",1,4,22,"Vat ind","Vat ind","Vat ind",215,0,0,0,0,0,0,0,0,0,0,0,0,0,0,0,"Manamboli_Lower_1"
1747,"Manamboli_Lower",1,4,23,"Pal ell","Pal ell","Pal ell",122,0,0,0,0,0,0,0,0,0,0,0,0,0,0,0,"Manamboli_Lower_1"
1748,"Manamboli_Lower",1,4,24,"Dry mal","Dry mal","Dry mal",70,0,0,0,0,0,0,0,0,0,0,0,0,0,0,0,"Manamboli_Lower_1"
1749,"Manamboli_Lower",1,4,25,"Pal ell","Pal ell","Pal ell",233,0,0,0,0,0,0,0,0,0,0,0,0,0,0,0,"Manamboli_Lower_1"
1750,"Manamboli_Lower",2,5,26,"Cro mal","Cro mal","Cro mal",90,0,0,0,0,0,0,0,0,0,0,0,0,0,0,0,"Manamboli_Lower_2"
1751,"Manamboli_Lower",2,5,27,"Dry ela","Dry ven","Dry wig",86,0,0,0,0,0,0,0,0,0,0,0,0,0,0,0,"Manamboli_Lower_2"
1752,"Manamboli_Lower",2,5,28,"Vat ind","Vat ind","Vat ind",195,0,0,0,0,0,0,0,0,0,0,0,0,0,0,0,"Manamboli_Lower_2"
1753,"Manamboli_Lower",2,5,29,"Syz den","Syz den","Syz den",520,0,0,0,0,0,0,0,0,0,0,0,0,0,0,0,"Manamboli_Lower_2"
1754,"Manamboli_Lower",2,5,30,"Cul exa","Cul exa","Cul exa",90,0,0,0,0,0,0,0,0,0,0,0,0,0,0,0,"Manamboli_Lower_2"
1755,"Manamboli_Lower",2,5,31,"Dry ela","Dry ven","Dry wig",85,0,0,0,0,0,0,0,0,0,0,0,0,0,0,0,"Manamboli_Lower_2"
1756,"Manamboli_Lower",2,5,32,"Pal ell","Pal ell","Pal ell",87,0,0,0,0,0,0,0,0,0,0,0,0,0,0,0,"Manamboli_Lower_2"
1757,"Manamboli_Lower",2,5,33,"Cul exa","Cul exa","Cul exa",180,0,0,0,0,0,0,0,0,0,0,0,0,0,0,0,"Manamboli_Lower_2"
1758,"Manamboli_Lower",2,5,34,"Dim bed","Dim bed","Dim bed",80,0,0,0,0,0,0,0,0,0,0,0,0,0,0,0,"Manamboli_Lower_2"
1759,"Manamboli_Lower",2,6,35,"Vat ind","Vat ind","Vat ind",170,0,0,0,0,0,0,0,0,0,0,0,0,0,0,0,"Manamboli_Lower_2"
1760,"Manamboli_Lower",2,6,36,"Ver mon","Ver arb","Ver arb",85,0,0,0,0,0,0,0,0,0,0,0,0,0,0,0,"Manamboli_Lower_2"
1761,"Manamboli_Lower",2,7,37,"Dim lon","Dim lon","Dim lon",137,0,0,0,0,0,0,0,0,0,0,0,0,0,0,0,"Manamboli_Lower_2"
1762,"Manamboli_Lower",2,7,38,"Dio bux","NA","Dio bux",95,0,0,0,0,0,0,0,0,0,0,0,0,0,0,0,"Manamboli_Lower_2"
1763,"Manamboli_Lower",2,8,39,"Dry mal","Dry mal","Dry mal",94,0,0,0,0,0,0,0,0,0,0,0,0,0,0,0,"Manamboli_Lower_2"
1764,"Manamboli_Lower",2,8,40,"Dys mal","Dys mal","Dys mal",420,0,0,0,0,0,0,0,0,0,0,0,0,0,0,0,"Manamboli_Lower_2"
1765,"Manamboli_Lower",2,8,41,"Cul exa","Cul exa","Cul exa",355,0,0,0,0,0,0,0,0,0,0,0,0,0,0,0,"Manamboli_Lower_2"
1766,"Manamboli_Lower",2,8,42,"Cul exa","Cul exa","Cul exa",210,0,0,0,0,0,0,0,0,0,0,0,0,0,0,0,"Manamboli_Lower_2"
1767,"Manamboli_Lower",3,9,43,"Pho lan","Oco lan","Oco lan",79,24,3,2,2,3,2,1.5,3,2,3,1,3,3,3,2,"Manamboli_Lower_3"
1768,"Manamboli_Lower",3,9,44,"Dry ela","Dry ven","Dry wig",98,0,0,0,0,0,0,0,0,0,0,0,0,0,0,0,"Manamboli_Lower_3"
1769,"Manamboli_Lower",3,9,45,"Cul exa","Cul exa","Cul exa",102,0,0,0,0,0,0,0,0,0,0,0,0,0,0,0,"Manamboli_Lower_3"
1770,"Manamboli_Lower",3,9,46,"Cro mal","Cro mal","Cro mal",36,0,0,0,0,0,0,0,0,0,0,0,0,0,0,0,"Manamboli_Lower_3"
1771,"Manamboli_Lower",3,9,47,"Zan rhe","NA","Zan rhe",34,0,0,0,0,0,0,0,0,0,0,0,0,0,0,0,"Manamboli_Lower_3"
1772,"Manamboli_Lower",3,10,48,"Rei ana","Rei ana","Rei ana",72,0,0,0,0,0,0,0,0,0,0,0,0,0,0,0,"Manamboli_Lower_3"
1773,"Manamboli_Lower",3,10,49,"Cro mal","Cro mal","Cro mal",45,0,0,0,0,0,0,0,0,0,0,0,0,0,0,0,"Manamboli_Lower_3"
1774,"Manamboli_Lower",3,10,50,"Not bed","Not bed","Not bed",58,0,0,0,0,0,0,0,0,0,0,0,0,0,0,0,"Manamboli_Lower_3"
1775,"Manamboli_Lower",3,10,51,"Vat ind","Vat ind","Vat ind",175,0,0,0,0,0,0,0,0,0,0,0,0,0,0,0,"Manamboli_Lower_3"
1776,"Manamboli_Lower",3,10,52,"Dry sub","NA","Dry sub",162,0,0,0,0,0,0,0,0,0,0,0,0,0,0,0,"Manamboli_Lower_3"
1777,"Manamboli_Lower",3,10,53,"Pal ell","Pal ell","Pal ell",152,0,0,0,0,0,0,0,0,0,0,0,0,0,0,0,"Manamboli_Lower_3"
1778,"Manamboli_Lower",3,10,54,"Syz den","Syz den","Syz den",70,0,0,0,0,0,0,0,0,0,0,0,0,0,0,0,"Manamboli_Lower_3"
1779,"Manamboli_Lower",3,11,55,"Dry ela","Dry ven","Dry wig",124,0,0,0,0,0,0,0,0,0,0,0,0,0,0,0,"Manamboli_Lower_3"
1780,"Manamboli_Lower",3,11,56,"Vat ind","Vat ind","Vat ind",45,0,0,0,0,0,0,0,0,0,0,0,0,0,0,0,"Manamboli_Lower_3"
1781,"Manamboli_Lower",3,11,57,"Agl ela","NA","Agl ela",125,0,0,0,0,0,0,0,0,0,0,0,0,0,0,0,"Manamboli_Lower_3"
1782,"Manamboli_Lower",3,11,58,"Pal ell","Pal ell","Pal ell",115,0,0,0,0,0,0,0,0,0,0,0,0,0,0,0,"Manamboli_Lower_3"
1783,"Manamboli_Lower",3,11,59,"Mac pel","Mac pel","Mac pel",84,0,0,0,0,0,0,0,0,0,0,0,0,0,0,0,"Manamboli_Lower_3"
1784,"Manamboli_Lower",3,11,60,"Cro mal","Cro mal","Cro mal",48,0,0,0,0,0,0,0,0,0,0,0,0,0,0,0,"Manamboli_Lower_3"
1785,"Manamboli_Lower",3,12,61,"Syz den","Syz den","Syz den",37,0,0,0,0,0,0,0,0,0,0,0,0,0,0,0,"Manamboli_Lower_3"
1786,"Manamboli_Lower",3,12,62,"Dry ela","Dry ven","Dry wig",68,0,0,0,0,0,0,0,0,0,0,0,0,0,0,0,"Manamboli_Lower_3"
1787,"Manamboli_Lower",3,12,63,"Cul exa","Cul exa","Cul exa",240,0,0,0,0,0,0,0,0,0,0,0,0,0,0,0,"Manamboli_Lower_3"
1788,"Manamboli_Lower",3,12,64,"Cul exa","Cul exa","Cul exa",275,0,0,0,0,0,0,0,0,0,0,0,0,0,0,0,"Manamboli_Lower_3"
1789,"Manamboli_Lower",3,12,65,"Rei ana","Rei ana","Rei ana",90,0,0,0,0,0,0,0,0,0,0,0,0,0,0,0,"Manamboli_Lower_3"
1790,"Manamboli_Lower",4,13,66,"Dim bed","Dim bed","Dim bed",96,0,0,0,0,0,0,0,0,0,0,0,0,0,0,0,"Manamboli_Lower_4"
1791,"Manamboli_Lower",4,13,67,"Cul exa","Cul exa","Cul exa",365,0,0,0,0,0,0,0,0,0,0,0,0,0,0,0,"Manamboli_Lower_4"
1792,"Manamboli_Lower",4,13,68,"Pal ell","Pal ell","Pal ell",176,0,0,0,0,0,0,0,0,0,0,0,0,0,0,0,"Manamboli_Lower_4"
1793,"Manamboli_Lower",4,13,69,"Cro mal","Cro mal","Cro mal",33,0,0,0,0,0,0,0,0,0,0,0,0,0,0,0,"Manamboli_Lower_4"
1794,"Manamboli_Lower",4,14,70,"Pal ell","Pal ell","Pal ell",140,0,0,0,0,0,0,0,0,0,0,0,0,0,0,0,"Manamboli_Lower_4"
1795,"Manamboli_Lower",4,14,71,"Cul exa","Cul exa","Cul exa",315,0,0,0,0,0,0,0,0,0,0,0,0,0,0,0,"Manamboli_Lower_4"
1796,"Manamboli_Lower",4,14,72,"Mes fer","Mes fer","Mes fer",82,0,0,0,0,0,0,0,0,0,0,0,0,0,0,0,"Manamboli_Lower_4"
1797,"Manamboli_Lower",4,14,73,"Dry ela","Dry ven","Dry wig",70,0,0,0,0,0,0,0,0,0,0,0,0,0,0,0,"Manamboli_Lower_4"
1798,"Manamboli_Lower",4,14,74,"Ant men","Ant mon","Ant mon",55,0,0,0,0,0,0,0,0,0,0,0,0,0,0,0,"Manamboli_Lower_4"
1799,"Manamboli_Lower",4,14,75,"Pal ell","Pal ell","Pal ell",45,0,0,0,0,0,0,0,0,0,0,0,0,0,0,0,"Manamboli_Lower_4"
1800,"Manamboli_Lower",4,15,76,"Kne att","Kne att","Kne att",125,0,0,0,0,0,0,0,0,0,0,0,0,0,0,0,"Manamboli_Lower_4"
1801,"Manamboli_Lower",4,15,77,"Aph pol","Aph pol","Aph pol",90,0,0,0,0,0,0,0,0,0,0,0,0,0,0,0,"Manamboli_Lower_4"
1802,"Manamboli_Lower",4,15,78,"Syz den","Syz den","Syz den",240,0,0,0,0,0,0,0,0,0,0,0,0,0,0,0,"Manamboli_Lower_4"
1803,"Manamboli_Lower",4,15,79,"Rei ana","Rei ana","Rei ana",65,0,0,0,0,0,0,0,0,0,0,0,0,0,0,0,"Manamboli_Lower_4"
1804,"Manamboli_Lower",4,16,80,"Dry ela","Dry ven","Dry wig",64,0,0,0,0,0,0,0,0,0,0,0,0,0,0,0,"Manamboli_Lower_4"
1805,"Manamboli_Lower",4,16,81,"Rei ana","Rei ana","Rei ana",56,0,0,0,0,0,0,0,0,0,0,0,0,0,0,0,"Manamboli_Lower_4"
1806,"Manamboli_Lower",4,16,82,"Rei ana","Rei ana","Rei ana",40,0,0,0,0,0,0,0,0,0,0,0,0,0,0,0,"Manamboli_Lower_4"
1807,"Manamboli_Lower",4,16,83,"Oto sti","NA","Oto sti",132,0,0,0,0,0,0,0,0,0,0,0,0,0,0,0,"Manamboli_Lower_4"
1808,"Manamboli_Lower",5,17,84,"Euo lun","Mel lun","Mel lun",83,0,0,0,0,0,0,0,0,0,0,0,0,0,0,0,"Manamboli_Lower_5"
1809,"Manamboli_Lower",5,17,85,"Euo lun","Mel lun","Mel lun",41,0,0,0,0,0,0,0,0,0,0,0,0,0,0,0,"Manamboli_Lower_5"
1810,"Manamboli_Lower",5,17,86,"Myr dac","Myr dac","Myr bed",77,0,0,0,0,0,0,0,0,0,0,0,0,0,0,0,"Manamboli_Lower_5"
1811,"Manamboli_Lower",5,18,87,"Dim lon","Dim lon","Dim lon",89,0,0,0,0,0,0,0,0,0,0,0,0,0,0,0,"Manamboli_Lower_5"
1812,"Manamboli_Lower",5,18,88,"Rei ana","Rei ana","Rei ana",61,0,0,0,0,0,0,0,0,0,0,0,0,0,0,0,"Manamboli_Lower_5"
1813,"Manamboli_Lower",5,18,89,"Rei ana","Rei ana","Rei ana",83,0,0,0,0,0,0,0,0,0,0,0,0,0,0,0,"Manamboli_Lower_5"
1814,"Manamboli_Lower",5,18,90,"Rei ana","Rei ana","Rei ana",96,0,0,0,0,0,0,0,0,0,0,0,0,0,0,0,"Manamboli_Lower_5"
1815,"Manamboli_Lower",5,18,91,"Vat ind","Vat ind","Vat ind",83,0,0,0,0,0,0,0,0,0,0,0,0,0,0,0,"Manamboli_Lower_5"
1816,"Manamboli_Lower",5,19,92,"Vat ind","Vat ind","Vat ind",130,0,0,0,0,0,0,0,0,0,0,0,0,0,0,0,"Manamboli_Lower_5"
1817,"Manamboli_Lower",5,19,93,"Mes fer","Mes fer","Mes fer",127,0,0,0,0,0,0,0,0,0,0,0,0,0,0,0,"Manamboli_Lower_5"
1818,"Manamboli_Lower",5,19,94,"Cro mal","Cro mal","Cro mal",64,0,0,0,0,0,0,0,0,0,0,0,0,0,0,0,"Manamboli_Lower_5"
1819,"Manamboli_Lower",5,19,95,"Dio syl","Dio syl","Dio syl",188,0,0,0,0,0,0,0,0,0,0,0,0,0,0,0,"Manamboli_Lower_5"
1820,"Manamboli_Lower",5,19,96,"Syz den","Syz den","Syz den",220,0,0,0,0,0,0,0,0,0,0,0,0,0,0,0,"Manamboli_Lower_5"
1821,"Manamboli_Lower",5,19,97,"Mar ind","NA","Mar ind",177,0,0,0,0,0,0,0,0,0,0,0,0,0,0,0,"Manamboli_Lower_5"
1822,"Manamboli_Lower",5,19,98,"Not rac","Not rac","Not rac",78,0,0,0,0,0,0,0,0,0,0,0,0,0,0,0,"Manamboli_Lower_5"
1823,"Manamboli_Lower",5,20,99,"Acr ped","Acr ped","Acr ped",35,0,0,0,0,0,0,0,0,0,0,0,0,0,0,0,"Manamboli_Lower_5"
1824,"Manamboli_Lower",5,20,100,"Acr ped","Acr ped","Acr ped",38,0,0,0,0,0,0,0,0,0,0,0,0,0,0,0,"Manamboli_Lower_5"
1825,"Manamboli_Lower",5,20,101,"Ter bel","NA","Ter bel",775,0,0,0,0,0,0,0,0,0,0,0,0,0,0,0,"Manamboli_Lower_5"
1826,"Manamboli_Lower",6,21,102,"Dio syl","Dio syl","Dio syl",91,0,0,0,0,0,0,0,0,0,0,0,0,0,0,0,"Manamboli_Lower_6"
1827,"Manamboli_Lower",6,21,103,"Kne att","Kne att","Kne att",103,0,0,0,0,0,0,0,0,0,0,0,0,0,0,0,"Manamboli_Lower_6"
1828,"Manamboli_Lower",6,21,104,"Dry ela","Dry ven","Dry wig",76,0,0,0,0,0,0,0,0,0,0,0,0,0,0,0,"Manamboli_Lower_6"
1829,"Manamboli_Lower",6,21,105,"Vat ind","Vat ind","Vat ind",56,0,0,0,0,0,0,0,0,0,0,0,0,0,0,0,"Manamboli_Lower_6"
1830,"Manamboli_Lower",6,21,106,"Rei ana","Rei ana","Rei ana",62,0,0,0,0,0,0,0,0,0,0,0,0,0,0,0,"Manamboli_Lower_6"
1831,"Manamboli_Lower",6,21,107,"Dim bed","Dim bed","Dim bed",76,0,0,0,0,0,0,0,0,0,0,0,0,0,0,0,"Manamboli_Lower_6"
1832,"Manamboli_Lower",6,22,108,"Cro mal","Cro mal","Cro mal",48,0,0,0,0,0,0,0,0,0,0,0,0,0,0,0,"Manamboli_Lower_6"
1833,"Manamboli_Lower",6,22,109,"Syz hem","Syz hem","Syz hem",36,0,0,0,0,0,0,0,0,0,0,0,0,0,0,0,"Manamboli_Lower_6"
1834,"Manamboli_Lower",6,22,110,"Vat ind","Vat ind","Vat ind",132,0,0,0,0,0,0,0,0,0,0,0,0,0,0,0,"Manamboli_Lower_6"
1835,"Manamboli_Lower",6,22,111,"Cal pol","Cal pol","Cal pol",170,0,0,0,0,0,0,0,0,0,0,0,0,0,0,0,"Manamboli_Lower_6"
1836,"Manamboli_Lower",6,22,112,"Vat ind","Vat ind","Vat ind",84,0,0,0,0,0,0,0,0,0,0,0,0,0,0,0,"Manamboli_Lower_6"
1837,"Manamboli_Lower",6,22,113,"Mal phi","Mal phi","Mal phi",45,0,0,0,0,0,0,0,0,0,0,0,0,0,0,0,"Manamboli_Lower_6"
1838,"Manamboli_Lower",6,23,114,"Syz hem","Syz hem","Syz hem",47,0,0,0,0,0,0,0,0,0,0,0,0,0,0,0,"Manamboli_Lower_6"
1839,"Manamboli_Lower",6,23,115,"Not bed","Not bed","Not bed",85,0,0,0,0,0,0,0,0,0,0,0,0,0,0,0,"Manamboli_Lower_6"
1840,"Manamboli_Lower",6,23,116,"Fic mic","Fic mic","Fic mic",465,0,0,0,0,0,0,0,0,0,0,0,0,0,0,0,"Manamboli_Lower_6"
1841,"Manamboli_Lower",6,23,117,"Pol fra","NA","Mon fra",60,0,0,0,0,0,0,0,0,0,0,0,0,0,0,0,"Manamboli_Lower_6"
1842,"Manamboli_Lower",6,24,118,"Fah zey","Par pen","Par pen",110,0,0,0,0,0,0,0,0,0,0,0,0,0,0,0,"Manamboli_Lower_6"
1843,"Manamboli_Lower",6,24,119,"Pal ell","Pal ell","Pal ell",82,0,0,0,0,0,0,0,0,0,0,0,0,0,0,0,"Manamboli_Lower_6"
1844,"Manamboli_Lower",6,24,120,"Pal ell","Pal ell","Pal ell",110,0,0,0,0,0,0,0,0,0,0,0,0,0,0,0,"Manamboli_Lower_6"
1845,"Manamboli_Lower",6,24,121,"Mal ste","Mal res","Mal res",30,0,0,0,0,0,0,0,0,0,0,0,0,0,0,0,"Manamboli_Lower_6"
1846,"Manamboli_Lower",6,24,122,"Dio syl","Dio syl","Dio syl",153,0,0,0,0,0,0,0,0,0,0,0,0,0,0,0,"Manamboli_Lower_6"
1847,"Manamboli_Lower",6,24,123,"Art het","Art het","Art het",35,0,0,0,0,0,0,0,0,0,0,0,0,0,0,0,"Manamboli_Lower_6"
1848,"Manamboli_Lower",6,24,124,"Pal ell","Pal ell","Pal ell",210,0,0,0,0,0,0,0,0,0,0,0,0,0,0,0,"Manamboli_Lower_6"
1849,"Manamboli_Lower",6,24,125,"Dry ela","Dry ven","Dry wig",100,0,0,0,0,0,0,0,0,0,0,0,0,0,0,0,"Manamboli_Lower_6"
1850,"Manamboli_Lower",6,24,126,"Pal ell","Pal ell","Pal ell",160,0,0,0,0,0,0,0,0,0,0,0,0,0,0,0,"Manamboli_Lower_6"
1851,"Manamboli_Lower",6,24,127,"Fah zey","Par pen","Par pen",110,0,0,0,0,0,0,0,0,0,0,0,0,0,0,0,"Manamboli_Lower_6"
1852,"Manamboli_Lower",6,24,128,"Kne att","Kne att","Kne att",160,0,0,0,0,0,0,0,0,0,0,0,0,0,0,0,"Manamboli_Lower_6"
1853,"Manamboli_Lower",6,24,129,"Vat ind","Vat ind","Vat ind",55,0,0,0,0,0,0,0,0,0,0,0,0,0,0,0,"Manamboli_Lower_6"
1854,"Manamboli_Lower",6,24,130,"Cro mal","Cro mal","Cro mal",45,0,0,0,0,0,0,0,0,0,0,0,0,0,0,0,"Manamboli_Lower_6"
1855,"Manamboli_Lower",7,25,131,"Man ind","Man ind","Man ind",73,0,0,0,0,0,0,0,0,0,0,0,0,0,0,0,"Manamboli_Lower_7"
1856,"Manamboli_Lower",7,25,132,"Vat ind","Vat ind","Vat ind",227,0,0,0,0,0,0,0,0,0,0,0,0,0,0,0,"Manamboli_Lower_7"
1857,"Manamboli_Lower",7,25,133,"Vat ind","Vat ind","Vat ind",60,0,0,0,0,0,0,0,0,0,0,0,0,0,0,0,"Manamboli_Lower_7"
1858,"Manamboli_Lower",7,25,134,"Dio syl","Dio syl","Dio syl",41,0,0,0,0,0,0,0,0,0,0,0,0,0,0,0,"Manamboli_Lower_7"
1859,"Manamboli_Lower",7,25,135,"Myr dac","Myr dac","Myr bed",39,0,0,0,0,0,0,0,0,0,0,0,0,0,0,0,"Manamboli_Lower_7"
1860,"Manamboli_Lower",7,25,136,"Vat ind","Vat ind","Vat ind",44,0,0,0,0,0,0,0,0,0,0,0,0,0,0,0,"Manamboli_Lower_7"
1861,"Manamboli_Lower",7,25,137,"Vat ind","Vat ind","Vat ind",93,0,0,0,0,0,0,0,0,0,0,0,0,0,0,0,"Manamboli_Lower_7"
1862,"Manamboli_Lower",7,25,138,"Dim lon","Dim lon","Dim lon",31,0,0,0,0,0,0,0,0,0,0,0,0,0,0,0,"Manamboli_Lower_7"
1863,"Manamboli_Lower",7,25,139,"Cro mal","Cro mal","Cro mal",47,0,0,0,0,0,0,0,0,0,0,0,0,0,0,0,"Manamboli_Lower_7"
1864,"Manamboli_Lower",7,25,140,"Syz den","Syz den","Syz den",185,0,0,0,0,0,0,0,0,0,0,0,0,0,0,0,"Manamboli_Lower_7"
1865,"Manamboli_Lower",7,26,141,"Rei ana","Rei ana","Rei ana",63,0,0,0,0,0,0,0,0,0,0,0,0,0,0,0,"Manamboli_Lower_7"
1866,"Manamboli_Lower",7,26,142,"Vat ind","Vat ind","Vat ind",45,0,0,0,0,0,0,0,0,0,0,0,0,0,0,0,"Manamboli_Lower_7"
1867,"Manamboli_Lower",7,26,143,"Rei ana","Rei ana","Rei ana",75,0,0,0,0,0,0,0,0,0,0,0,0,0,0,0,"Manamboli_Lower_7"
1868,"Manamboli_Lower",7,26,144,"Rei ana","Rei ana","Rei ana",77,0,0,0,0,0,0,0,0,0,0,0,0,0,0,0,"Manamboli_Lower_7"
1869,"Manamboli_Lower",7,27,145,"Bac cou","NA","Bac cou",57,0,0,0,0,0,0,0,0,0,0,0,0,0,0,0,"Manamboli_Lower_7"
1870,"Manamboli_Lower",7,27,146,"Cul exa","Cul exa","Cul exa",242,130,0,0,0,0,0,0,0,0,0,0,0,0,0,0,"Manamboli_Lower_7"
1871,"Manamboli_Lower",7,27,147,"Vat ind","Vat ind","Vat ind",220,0,0,0,0,0,0,0,0,0,0,0,0,0,0,0,"Manamboli_Lower_7"
1872,"Manamboli_Lower",7,27,148,"Kne att","Kne att","Kne att",134,0,0,0,0,0,0,0,0,0,0,0,0,0,0,0,"Manamboli_Lower_7"
1873,"Manamboli_Lower",7,27,149,"Dry ela","Dry ven","Dry wig",53,0,0,0,0,0,0,0,0,0,0,0,0,0,0,0,"Manamboli_Lower_7"
1874,"Manamboli_Lower",7,28,150,"Fah zey","Par pen","Par pen",170,0,0,0,0,0,0,0,0,0,0,0,0,0,0,0,"Manamboli_Lower_7"
1875,"Manamboli_Lower",7,28,151,"Art het","Art het","Art het",230,0,0,0,0,0,0,0,0,0,0,0,0,0,0,0,"Manamboli_Lower_7"
1876,"Manamboli_Lower",7,28,152,"Vat ind","Vat ind","Vat ind",63,0,0,0,0,0,0,0,0,0,0,0,0,0,0,0,"Manamboli_Lower_7"
1877,"Manamboli_Lower",7,28,153,"Oto sti","NA","Oto sti",105,0,0,0,0,0,0,0,0,0,0,0,0,0,0,0,"Manamboli_Lower_7"
1878,"Manamboli_Lower",7,28,154,"Rei ana","Rei ana","Rei ana",62,0,0,0,0,0,0,0,0,0,0,0,0,0,0,0,"Manamboli_Lower_7"
1879,"Manamboli_Lower",8,29,155,"Dry lon","NA","Dry lon",89,0,0,0,0,0,0,0,0,0,0,0,0,0,0,0,"Manamboli_Lower_8"
1880,"Manamboli_Lower",8,29,156,"Agl ela","NA","Agl ela",108,0,0,0,0,0,0,0,0,0,0,0,0,0,0,0,"Manamboli_Lower_8"
1881,"Manamboli_Lower",8,29,157,"Dim bed","Dim bed","Dim bed",118,0,0,0,0,0,0,0,0,0,0,0,0,0,0,0,"Manamboli_Lower_8"
1882,"Manamboli_Lower",8,29,158,"Ter bel","NA","Ter bel",300,0,0,0,0,0,0,0,0,0,0,0,0,0,0,0,"Manamboli_Lower_8"
1883,"Manamboli_Lower",8,29,159,"Spo acu","NA","Spo pin",45,30,20,10,0,0,0,0,0,0,0,0,0,0,0,0,"Manamboli_Lower_8"
1884,"Manamboli_Lower",8,30,160,"Gom cor","Gom cor","Gom cor",45,0,0,0,0,0,0,0,0,0,0,0,0,0,0,0,"Manamboli_Lower_8"
1885,"Manamboli_Lower",8,30,161,"Rei ana","Rei ana","Rei ana",74,0,0,0,0,0,0,0,0,0,0,0,0,0,0,0,"Manamboli_Lower_8"
1886,"Manamboli_Lower",8,30,162,"Rei ana","Rei ana","Rei ana",47,0,0,0,0,0,0,0,0,0,0,0,0,0,0,0,"Manamboli_Lower_8"
1887,"Manamboli_Lower",8,30,163,"Agl ela","NA","Agl ela",185,0,0,0,0,0,0,0,0,0,0,0,0,0,0,0,"Manamboli_Lower_8"
1888,"Manamboli_Lower",8,30,164,"Rei ana","Rei ana","Rei ana",84,0,0,0,0,0,0,0,0,0,0,0,0,0,0,0,"Manamboli_Lower_8"
1889,"Manamboli_Lower",8,31,165,"Rei ana","Rei ana","Rei ana",50,0,0,0,0,0,0,0,0,0,0,0,0,0,0,0,"Manamboli_Lower_8"
1890,"Manamboli_Lower",8,31,166,"Art het","Art het","Art het",190,0,0,0,0,0,0,0,0,0,0,0,0,0,0,0,"Manamboli_Lower_8"
1891,"Manamboli_Lower",8,31,167,"Syz den","Syz den","Syz den",220,0,0,0,0,0,0,0,0,0,0,0,0,0,0,0,"Manamboli_Lower_8"
1892,"Manamboli_Lower",8,32,168,"Agl ela","NA","Agl ela",160,0,0,0,0,0,0,0,0,0,0,0,0,0,0,0,"Manamboli_Lower_8"
1893,"Manamboli_Lower",9,33,169,"Pal ell","Pal ell","Pal ell",147,0,0,0,0,0,0,0,0,0,0,0,0,0,0,0,"Manamboli_Lower_9"
1894,"Manamboli_Lower",9,33,170,"Vat ind","Vat ind","Vat ind",73,0,0,0,0,0,0,0,0,0,0,0,0,0,0,0,"Manamboli_Lower_9"
1895,"Manamboli_Lower",9,33,171,"Hyd pen","Hyd pen","Hyd pen",75,0,0,0,0,0,0,0,0,0,0,0,0,0,0,0,"Manamboli_Lower_9"
1896,"Manamboli_Lower",9,34,172,"Dry ela","Dry ven","Dry wig",30,0,0,0,0,0,0,0,0,0,0,0,0,0,0,0,"Manamboli_Lower_9"
1897,"Manamboli_Lower",9,34,173,"Pal ell","Pal ell","Pal ell",200,0,0,0,0,0,0,0,0,0,0,0,0,0,0,0,"Manamboli_Lower_9"
1898,"Manamboli_Lower",9,34,174,"Rei ana","Rei ana","Rei ana",41,0,0,0,0,0,0,0,0,0,0,0,0,0,0,0,"Manamboli_Lower_9"
1899,"Manamboli_Lower",9,34,175,"Sym coc lau","NA","Sym acu",63,0,0,0,0,0,0,0,0,0,0,0,0,0,0,0,"Manamboli_Lower_9"
1900,"Manamboli_Lower",9,34,176,"Fah zey","Par pen","Par pen",200,0,0,0,0,0,0,0,0,0,0,0,0,0,0,0,"Manamboli_Lower_9"
1901,"Manamboli_Lower",9,34,177,"Gom cor","Gom cor","Gom cor",50,0,0,0,0,0,0,0,0,0,0,0,0,0,0,0,"Manamboli_Lower_9"
1902,"Manamboli_Lower",9,34,178,"Oto sti","NA","Oto sti",51,0,0,0,0,0,0,0,0,0,0,0,0,0,0,0,"Manamboli_Lower_9"
1903,"Manamboli_Lower",9,35,179,"Dry lon","NA","Dry lon",43,0,0,0,0,0,0,0,0,0,0,0,0,0,0,0,"Manamboli_Lower_9"
1904,"Manamboli_Lower",9,35,180,"Cal pol","Cal pol","Cal pol",45,0,0,0,0,0,0,0,0,0,0,0,0,0,0,0,"Manamboli_Lower_9"
1905,"Manamboli_Lower",9,35,181,"Fah zey","Par pen","Par pen",111,0,0,0,0,0,0,0,0,0,0,0,0,0,0,0,"Manamboli_Lower_9"
1906,"Manamboli_Lower",9,35,182,"Dry ela","Dry ven","Dry wig",47,0,0,0,0,0,0,0,0,0,0,0,0,0,0,0,"Manamboli_Lower_9"
1907,"Manamboli_Lower",9,35,183,"Myr dac","Myr dac","Myr bed",43,0,0,0,0,0,0,0,0,0,0,0,0,0,0,0,"Manamboli_Lower_9"
1908,"Manamboli_Lower",9,35,184,"Chr lan","NA","Don lan",32,0,0,0,0,0,0,0,0,0,0,0,0,0,0,0,"Manamboli_Lower_9"
1909,"Manamboli_Lower",9,35,185,"Vat ind","Vat ind","Vat ind",255,0,0,0,0,0,0,0,0,0,0,0,0,0,0,0,"Manamboli_Lower_9"
1910,"Manamboli_Lower",9,35,186,"Bac cou","NA","Bac cou",33,0,0,0,0,0,0,0,0,0,0,0,0,0,0,0,"Manamboli_Lower_9"
1911,"Manamboli_Lower",9,35,187,"Myr dac","Myr dac","Myr bed",63,0,0,0,0,0,0,0,0,0,0,0,0,0,0,0,"Manamboli_Lower_9"
1912,"Manamboli_Lower",9,36,188,"Ant men","Ant mon","Ant mon",48,0,0,0,0,0,0,0,0,0,0,0,0,0,0,0,"Manamboli_Lower_9"
1913,"Manamboli_Lower",9,36,189,"Vat ind","Vat ind","Vat ind",39,0,0,0,0,0,0,0,0,0,0,0,0,0,0,0,"Manamboli_Lower_9"
1914,"Manamboli_Lower",9,36,190,"Pol fra","NA","Mon fra",200,0,0,0,0,0,0,0,0,0,0,0,0,0,0,0,"Manamboli_Lower_9"
1915,"Manamboli_Lower",9,36,191,"Str cey","NA","Str cey",91,0,0,0,0,0,0,0,0,0,0,0,0,0,0,0,"Manamboli_Lower_9"
1916,"Manamboli_Lower",9,36,192,"Mar ind","NA","Mar ind",73,0,0,0,0,0,0,0,0,0,0,0,0,0,0,0,"Manamboli_Lower_9"
1917,"Manamboli_Lower",9,36,193,"Dio syl","Dio syl","Dio syl",39,0,0,0,0,0,0,0,0,0,0,0,0,0,0,0,"Manamboli_Lower_9"
1918,"Manamboli_Lower",9,36,194,"Cle spi","NA","Cle spi",134,0,0,0,0,0,0,0,0,0,0,0,0,0,0,0,"Manamboli_Lower_9"
1919,"Manamboli_Lower",10,37,195,"Vat ind","Vat ind","Vat ind",250,0,0,0,0,0,0,0,0,0,0,0,0,0,0,0,"Manamboli_Lower_10"
1920,"Manamboli_Lower",10,37,196,"Cas esc","NA","Cas zey",103,0,0,0,0,0,0,0,0,0,0,0,0,0,0,0,"Manamboli_Lower_10"
1921,"Manamboli_Lower",10,37,197,"Mes fer","Mes fer","Mes fer",128,0,0,0,0,0,0,0,0,0,0,0,0,0,0,0,"Manamboli_Lower_10"
1922,"Manamboli_Lower",10,37,198,"Rei ana","Rei ana","Rei ana",64,0,0,0,0,0,0,0,0,0,0,0,0,0,0,0,"Manamboli_Lower_10"
1923,"Manamboli_Lower",10,37,199,"Rei ana","Rei ana","Rei ana",72,0,0,0,0,0,0,0,0,0,0,0,0,0,0,0,"Manamboli_Lower_10"
1924,"Manamboli_Lower",10,37,200,"Hop par","NA","Hop par",195,0,0,0,0,0,0,0,0,0,0,0,0,0,0,0,"Manamboli_Lower_10"
1925,"Manamboli_Lower",10,37,201,"Dry ela","Dry ven","Dry wig",42,0,0,0,0,0,0,0,0,0,0,0,0,0,0,0,"Manamboli_Lower_10"
1926,"Manamboli_Lower",10,38,202,"Dry lon","NA","Dry lon",106,0,0,0,0,0,0,0,0,0,0,0,0,0,0,0,"Manamboli_Lower_10"
1927,"Manamboli_Lower",10,38,203,"Dry ela","Dry ven","Dry wig",47,0,0,0,0,0,0,0,0,0,0,0,0,0,0,0,"Manamboli_Lower_10"
1928,"Manamboli_Lower",10,38,204,"Fah zey","Par pen","Par pen",160,0,0,0,0,0,0,0,0,0,0,0,0,0,0,0,"Manamboli_Lower_10"
1929,"Manamboli_Lower",10,39,205,"Pal ell","Pal ell","Pal ell",73,0,0,0,0,0,0,0,0,0,0,0,0,0,0,0,"Manamboli_Lower_10"
1930,"Manamboli_Lower",10,39,206,"Syz den","Syz den","Syz den",540,0,0,0,0,0,0,0,0,0,0,0,0,0,0,0,"Manamboli_Lower_10"
1931,"Manamboli_Lower",10,39,207,"Rei ana","Rei ana","Rei ana",101,0,0,0,0,0,0,0,0,0,0,0,0,0,0,0,"Manamboli_Lower_10"
1932,"Manamboli_Lower",10,40,208,"Pal ell","Pal ell","Pal ell",210,0,0,0,0,0,0,0,0,0,0,0,0,0,0,0,"Manamboli_Lower_10"
1933,"Manamboli_Lower",10,40,209,"Rei ana","Rei ana","Rei ana",53,0,0,0,0,0,0,0,0,0,0,0,0,0,0,0,"Manamboli_Lower_10"
1934,"Manamboli_Lower",10,40,210,"Rei ana","Rei ana","Rei ana",198,0,0,0,0,0,0,0,0,0,0,0,0,0,0,0,"Manamboli_Lower_10"
1935,"Manamboli_Lower",10,40,211,"Rei ana","Rei ana","Rei ana",73,0,0,0,0,0,0,0,0,0,0,0,0,0,0,0,"Manamboli_Lower_10"
1936,"Manamboli_Lower",10,40,212,"Pal ell","Pal ell","Pal ell",85,0,0,0,0,0,0,0,0,0,0,0,0,0,0,0,"Manamboli_Lower_10"
1937,"Manamboli_Lower",10,40,213,"Rei ana","Rei ana","Rei ana",56,0,0,0,0,0,0,0,0,0,0,0,0,0,0,0,"Manamboli_Lower_10"
1938,"Manamboli_Lower",10,40,214,"Mes fer","Mes fer","Mes fer",400,0,0,0,0,0,0,0,0,0,0,0,0,0,0,0,"Manamboli_Lower_10"
1939,"Manamboli_Lower",10,40,215,"Rei ana","Rei ana","Rei ana",54,0,0,0,0,0,0,0,0,0,0,0,0,0,0,0,"Manamboli_Lower_10"
1940,"Manamboli_Lower",11,41,216,"Dim bed","Dim bed","Dim bed",150,0,0,0,0,0,0,0,0,0,0,0,0,0,0,0,"Manamboli_Lower_11"
1941,"Manamboli_Lower",11,41,217,"Dry lon","NA","Dry lon",38,0,0,0,0,0,0,0,0,0,0,0,0,0,0,0,"Manamboli_Lower_11"
1942,"Manamboli_Lower",11,41,218,"Dry lon","NA","Dry lon",46,0,0,0,0,0,0,0,0,0,0,0,0,0,0,0,"Manamboli_Lower_11"
1943,"Manamboli_Lower",11,41,219,"Myr dac","Myr dac","Myr bed",210,0,0,0,0,0,0,0,0,0,0,0,0,0,0,0,"Manamboli_Lower_11"
1944,"Manamboli_Lower",11,41,220,"Har arb","Har arb","Har arb",150,130,53,37,33,38,28,26,18,0,0,0,0,0,0,0,"Manamboli_Lower_11"
1945,"Manamboli_Lower",11,41,221,"Dry lon","NA","Dry lon",44,0,0,0,0,0,0,0,0,0,0,0,0,0,0,0,"Manamboli_Lower_11"
1946,"Manamboli_Lower",11,42,222,"Dim bed","Dim bed","Dim bed",35,0,0,0,0,0,0,0,0,0,0,0,0,0,0,0,"Manamboli_Lower_11"
1947,"Manamboli_Lower",11,42,223,"Fic ner","Fic ner","Fic ner",420,0,0,0,0,0,0,0,0,0,0,0,0,0,0,0,"Manamboli_Lower_11"
1948,"Manamboli_Lower",11,42,224,"Rei ana","Rei ana","Rei ana",62,0,0,0,0,0,0,0,0,0,0,0,0,0,0,0,"Manamboli_Lower_11"
1949,"Manamboli_Lower",11,42,225,"Fic ner","Fic ner","Fic ner",440,0,0,0,0,0,0,0,0,0,0,0,0,0,0,0,"Manamboli_Lower_11"
1950,"Manamboli_Lower",11,43,226,"Oro ery","NA","Oro ery",52,13,0,0,0,0,0,0,0,0,0,0,0,0,0,0,"Manamboli_Lower_11"
1951,"Manamboli_Lower",11,43,227,"Vat ind","Vat ind","Vat ind",71,0,0,0,0,0,0,0,0,0,0,0,0,0,0,0,"Manamboli_Lower_11"
1952,"Manamboli_Lower",11,43,228,"Vat ind","Vat ind","Vat ind",113,0,0,0,0,0,0,0,0,0,0,0,0,0,0,0,"Manamboli_Lower_11"
1953,"Manamboli_Lower",11,43,229,"Cro mal","Cro mal","Cro mal",54,0,0,0,0,0,0,0,0,0,0,0,0,0,0,0,"Manamboli_Lower_11"
1954,"Manamboli_Lower",11,43,230,"Rei ana","Rei ana","Rei ana",81,0,0,0,0,0,0,0,0,0,0,0,0,0,0,0,"Manamboli_Lower_11"
1955,"Manamboli_Lower",11,44,231,"Rei ana","Rei ana","Rei ana",84,0,0,0,0,0,0,0,0,0,0,0,0,0,0,0,"Manamboli_Lower_11"
1956,"Manamboli_Lower",11,44,232,"Hop par","NA","Hop par",410,0,0,0,0,0,0,0,0,0,0,0,0,0,0,0,"Manamboli_Lower_11"
1957,"Manamboli_Lower",11,44,233,"Rei ana","Rei ana","Rei ana",64,0,0,0,0,0,0,0,0,0,0,0,0,0,0,0,"Manamboli_Lower_11"
1958,"Manamboli_Lower",11,44,234,"Myr dac","Myr dac","Myr bed",107,0,0,0,0,0,0,0,0,0,0,0,0,0,0,0,"Manamboli_Lower_11"
1959,"Manamboli_Lower",11,44,235,"Not bed","Not bed","Not bed",54,0,0,0,0,0,0,0,0,0,0,0,0,0,0,0,"Manamboli_Lower_11"
1960,"Manamboli_Lower",11,44,236,"Vat ind","Vat ind","Vat ind",51,0,0,0,0,0,0,0,0,0,0,0,0,0,0,0,"Manamboli_Lower_11"
1961,"Manamboli_Lower",11,44,237,"Vat ind","Vat ind","Vat ind",45,0,0,0,0,0,0,0,0,0,0,0,0,0,0,0,"Manamboli_Lower_11"
1962,"Manamboli_Lower",11,44,238,"Ant tox","Ant tox","Ant tox",370,0,0,0,0,0,0,0,0,0,0,0,0,0,0,0,"Manamboli_Lower_11"
1963,"Manamboli_Lower",11,44,239,"Rei ana","Rei ana","Rei ana",77,0,0,0,0,0,0,0,0,0,0,0,0,0,0,0,"Manamboli_Lower_11"
1964,"Manamboli_Lower",12,45,240,"Vat ind","Vat ind","Vat ind",138,0,0,0,0,0,0,0,0,0,0,0,0,0,0,0,"Manamboli_Lower_12"
1965,"Manamboli_Lower",12,45,241,"Cul exa","Cul exa","Cul exa",42,0,0,0,0,0,0,0,0,0,0,0,0,0,0,0,"Manamboli_Lower_12"
1966,"Manamboli_Lower",12,45,242,"Mei pan","Mei pan","Mei pan",31,0,0,0,0,0,0,0,0,0,0,0,0,0,0,0,"Manamboli_Lower_12"
1967,"Manamboli_Lower",12,45,243,"Pal ell","Pal ell","Pal ell",56,0,0,0,0,0,0,0,0,0,0,0,0,0,0,0,"Manamboli_Lower_12"
1968,"Manamboli_Lower",12,45,244,"Chr lan","NA","Don lan",34,0,0,0,0,0,0,0,0,0,0,0,0,0,0,0,"Manamboli_Lower_12"
1969,"Manamboli_Lower",12,45,245,"Pal ell","Pal ell","Pal ell",145,0,0,0,0,0,0,0,0,0,0,0,0,0,0,0,"Manamboli_Lower_12"
1970,"Manamboli_Lower",12,45,246,"Vat ind","Vat ind","Vat ind",74,0,0,0,0,0,0,0,0,0,0,0,0,0,0,0,"Manamboli_Lower_12"
1971,"Manamboli_Lower",12,45,247,"Fah zey","Par pen","Par pen",176,0,0,0,0,0,0,0,0,0,0,0,0,0,0,0,"Manamboli_Lower_12"
1972,"Manamboli_Lower",12,45,248,"Fah zey","Par pen","Par pen",55,0,0,0,0,0,0,0,0,0,0,0,0,0,0,0,"Manamboli_Lower_12"
1973,"Manamboli_Lower",12,46,249,"Cro mal","Cro mal","Cro mal",45,0,0,0,0,0,0,0,0,0,0,0,0,0,0,0,"Manamboli_Lower_12"
1974,"Manamboli_Lower",12,46,250,"Har arb","Har arb","Har arb",39,0,0,0,0,0,0,0,0,0,0,0,0,0,0,0,"Manamboli_Lower_12"
1975,"Manamboli_Lower",12,46,251,"Pal ell","Pal ell","Pal ell",200,0,0,0,0,0,0,0,0,0,0,0,0,0,0,0,"Manamboli_Lower_12"
1976,"Manamboli_Lower",12,46,252,"Rei ana","Rei ana","Rei ana",60,0,0,0,0,0,0,0,0,0,0,0,0,0,0,0,"Manamboli_Lower_12"
1977,"Manamboli_Lower",12,46,253,"Not bed","Not bed","Not bed",85,0,0,0,0,0,0,0,0,0,0,0,0,0,0,0,"Manamboli_Lower_12"
1978,"Manamboli_Lower",12,46,254,"Fah zey","Par pen","Par pen",90,0,0,0,0,0,0,0,0,0,0,0,0,0,0,0,"Manamboli_Lower_12"
1979,"Manamboli_Lower",12,46,255,"Cof rob","NA","Cof can",43,0,0,0,0,0,0,0,0,0,0,0,0,0,0,0,"Manamboli_Lower_12"
1980,"Manamboli_Lower",12,47,256,"Cro mal","Cro mal","Cro mal",34,0,0,0,0,0,0,0,0,0,0,0,0,0,0,0,"Manamboli_Lower_12"
1981,"Manamboli_Lower",12,47,257,"Rei ana","Rei ana","Rei ana",86,0,0,0,0,0,0,0,0,0,0,0,0,0,0,0,"Manamboli_Lower_12"
1982,"Manamboli_Lower",12,47,258,"Pal ell","Pal ell","Pal ell",80,0,0,0,0,0,0,0,0,0,0,0,0,0,0,0,"Manamboli_Lower_12"
1983,"Manamboli_Lower",12,48,259,"Rei ana","Rei ana","Rei ana",68,0,0,0,0,0,0,0,0,0,0,0,0,0,0,0,"Manamboli_Lower_12"
1984,"Manamboli_Lower",12,48,260,"Rei ana","Rei ana","Rei ana",53,0,0,0,0,0,0,0,0,0,0,0,0,0,0,0,"Manamboli_Lower_12"
1985,"Manamboli_Lower",12,48,261,"Mal ste","Mal res","Mal res",41,0,0,0,0,0,0,0,0,0,0,0,0,0,0,0,"Manamboli_Lower_12"
1986,"Manamboli_Lower",12,48,262,"Dio syl","Dio syl","Dio syl",100,0,0,0,0,0,0,0,0,0,0,0,0,0,0,0,"Manamboli_Lower_12"
1987,"Manamboli_Lower",12,48,263,"Syz hem","Syz hem","Syz hem",59,0,0,0,0,0,0,0,0,0,0,0,0,0,0,0,"Manamboli_Lower_12"
1988,"Manamboli_Lower",12,48,264,"Syz den","Syz den","Syz den",380,0,0,0,0,0,0,0,0,0,0,0,0,0,0,0,"Manamboli_Lower_12"
1989,"Manamboli_Lower",13,49,265,"Fah zey","Par pen","Par pen",48,0,0,0,0,0,0,0,0,0,0,0,0,0,0,0,"Manamboli_Lower_13"
1990,"Manamboli_Lower",13,49,266,"Fah zey","Par pen","Par pen",42,0,0,0,0,0,0,0,0,0,0,0,0,0,0,0,"Manamboli_Lower_13"
1991,"Manamboli_Lower",13,49,267,"Dio syl","Dio syl","Dio syl",129,0,0,0,0,0,0,0,0,0,0,0,0,0,0,0,"Manamboli_Lower_13"
1992,"Manamboli_Lower",13,49,268,"Cul exa","Cul exa","Cul exa",46,0,0,0,0,0,0,0,0,0,0,0,0,0,0,0,"Manamboli_Lower_13"
1993,"Manamboli_Lower",13,49,269,"Vat ind","Vat ind","Vat ind",70,0,0,0,0,0,0,0,0,0,0,0,0,0,0,0,"Manamboli_Lower_13"
1994,"Manamboli_Lower",13,49,270,"Cul exa","Cul exa","Cul exa",170,0,0,0,0,0,0,0,0,0,0,0,0,0,0,0,"Manamboli_Lower_13"
1995,"Manamboli_Lower",13,49,271,"Kne att","Kne att","Kne att",210,0,0,0,0,0,0,0,0,0,0,0,0,0,0,0,"Manamboli_Lower_13"
1996,"Manamboli_Lower",13,50,272,"Pal ell","Pal ell","Pal ell",113,0,0,0,0,0,0,0,0,0,0,0,0,0,0,0,"Manamboli_Lower_13"
1997,"Manamboli_Lower",13,50,273,"Kne att","Kne att","Kne att",58,0,0,0,0,0,0,0,0,0,0,0,0,0,0,0,"Manamboli_Lower_13"
1998,"Manamboli_Lower",13,50,274,"Per mac","Per mac","Per mac",240,0,0,0,0,0,0,0,0,0,0,0,0,0,0,0,"Manamboli_Lower_13"
1999,"Manamboli_Lower",13,50,275,"Myr dac","Myr dac","Myr bed",135,0,0,0,0,0,0,0,0,0,0,0,0,0,0,0,"Manamboli_Lower_13"
2000,"Manamboli_Lower",13,50,276,"Agl jai","Agl jai","Agl law",230,0,0,0,0,0,0,0,0,0,0,0,0,0,0,0,"Manamboli_Lower_13"
2001,"Manamboli_Lower",13,50,277,"Vat ind","Vat ind","Vat ind",280,0,0,0,0,0,0,0,0,0,0,0,0,0,0,0,"Manamboli_Lower_13"
2002,"Manamboli_Lower",13,50,278,"Rei ana","Rei ana","Rei ana",30,0,0,0,0,0,0,0,0,0,0,0,0,0,0,0,"Manamboli_Lower_13"
2003,"Manamboli_Lower",13,50,279,"Dry ela","Dry ven","Dry wig",71,0,0,0,0,0,0,0,0,0,0,0,0,0,0,0,"Manamboli_Lower_13"
2004,"Manamboli_Lower",13,50,280,"Rei ana","Rei ana","Rei ana",42,0,0,0,0,0,0,0,0,0,0,0,0,0,0,0,"Manamboli_Lower_13"
2005,"Manamboli_Lower",13,50,281,"Pal ell","Pal ell","Pal ell",42,0,0,0,0,0,0,0,0,0,0,0,0,0,0,0,"Manamboli_Lower_13"
2006,"Manamboli_Lower",13,51,282,"Flo mon","NA","Fla mon",57,0,0,0,0,0,0,0,0,0,0,0,0,0,0,0,"Manamboli_Lower_13"
2007,"Manamboli_Lower",13,51,283,"Can str","Can str","Can str",45,0,0,0,0,0,0,0,0,0,0,0,0,0,0,0,"Manamboli_Lower_13"
2008,"Manamboli_Lower",13,51,284,"Gar mor","Gar mor","Gar mor",46,0,0,0,0,0,0,0,0,0,0,0,0,0,0,0,"Manamboli_Lower_13"
2009,"Manamboli_Lower",13,51,285,"Pal ell","Pal ell","Pal ell",267,0,0,0,0,0,0,0,0,0,0,0,0,0,0,0,"Manamboli_Lower_13"
2010,"Manamboli_Lower",13,51,286,"Dys mal","Dys mal","Dys mal",260,0,0,0,0,0,0,0,0,0,0,0,0,0,0,0,"Manamboli_Lower_13"
2011,"Manamboli_Lower",13,51,287,"Dim bed","Dim bed","Dim bed",160,0,0,0,0,0,0,0,0,0,0,0,0,0,0,0,"Manamboli_Lower_13"
2012,"Manamboli_Lower",13,51,288,"Act tad","Act tad","Act tad",82,0,0,0,0,0,0,0,0,0,0,0,0,0,0,0,"Manamboli_Lower_13"
2013,"Manamboli_Lower",13,52,289,"Fah zey","Par pen","Par pen",130,0,0,0,0,0,0,0,0,0,0,0,0,0,0,0,"Manamboli_Lower_13"
2014,"Manamboli_Lower",13,52,290,"Rei ana","Rei ana","Rei ana",65,0,0,0,0,0,0,0,0,0,0,0,0,0,0,0,"Manamboli_Lower_13"
2015,"Manamboli_Lower",13,52,291,"Mem sis","NA","Mem sis",32,0,0,0,0,0,0,0,0,0,0,0,0,0,0,0,"Manamboli_Lower_13"
2016,"Manamboli_Lower",13,52,292,"Vat ind","Vat ind","Vat ind",165,0,0,0,0,0,0,0,0,0,0,0,0,0,0,0,"Manamboli_Lower_13"
2017,"Manamboli_Lower",14,53,293,"Pal ell","Pal ell","Pal ell",130,0,0,0,0,0,0,0,0,0,0,0,0,0,0,0,"Manamboli_Lower_14"
2018,"Manamboli_Lower",14,53,294,"Cin mal","Cin mal","Cin mal",32,0,0,0,0,0,0,0,0,0,0,0,0,0,0,0,"Manamboli_Lower_14"
2019,"Manamboli_Lower",14,53,295,"Hyd pen","Hyd pen","Hyd pen",35,0,0,0,0,0,0,0,0,0,0,0,0,0,0,0,"Manamboli_Lower_14"
2020,"Manamboli_Lower",14,53,296,"Lit flo","Lit flo","Lit flo",54,26,16,18,0,0,0,0,0,0,0,0,0,0,0,0,"Manamboli_Lower_14"
2021,"Manamboli_Lower",14,53,297,"Mac pel","Mac pel","Mac pel",101,0,0,0,0,0,0,0,0,0,0,0,0,0,0,0,"Manamboli_Lower_14"
2022,"Manamboli_Lower",14,53,298,"Syz den","Syz den","Syz den",232,0,0,0,0,0,0,0,0,0,0,0,0,0,0,0,"Manamboli_Lower_14"
2023,"Manamboli_Lower",14,53,299,"Euo lun","Mel lun","Mel lun",62,0,0,0,0,0,0,0,0,0,0,0,0,0,0,0,"Manamboli_Lower_14"
2024,"Manamboli_Lower",14,54,300,"Mac pel","Mac pel","Mac pel",52,0,0,0,0,0,0,0,0,0,0,0,0,0,0,0,"Manamboli_Lower_14"
2025,"Manamboli_Lower",14,54,301,"Cle spi","NA","Cle spi",54,0,0,0,0,0,0,0,0,0,0,0,0,0,0,0,"Manamboli_Lower_14"
2026,"Manamboli_Lower",14,54,302,"Vat ind","Vat ind","Vat ind",200,0,0,0,0,0,0,0,0,0,0,0,0,0,0,0,"Manamboli_Lower_14"
2027,"Manamboli_Lower",14,55,303,"Agl jai","Agl jai","Agl law",133,0,0,0,0,0,0,0,0,0,0,0,0,0,0,0,"Manamboli_Lower_14"
2028,"Manamboli_Lower",14,55,304,"Oro ery","NA","Oro ery",36,0,0,0,0,0,0,0,0,0,0,0,0,0,0,0,"Manamboli_Lower_14"
2029,"Manamboli_Lower",14,55,305,"Mac pel","Mac pel","Mac pel",41,0,0,0,0,0,0,0,0,0,0,0,0,0,0,0,"Manamboli_Lower_14"
2030,"Manamboli_Lower",14,55,306,"Dio syl","Dio syl","Dio syl",36,0,0,0,0,0,0,0,0,0,0,0,0,0,0,0,"Manamboli_Lower_14"
2031,"Manamboli_Lower",14,55,307,"Vat ind","Vat ind","Vat ind",91,0,0,0,0,0,0,0,0,0,0,0,0,0,0,0,"Manamboli_Lower_14"
2032,"Manamboli_Lower",14,55,308,"Pal ell","Pal ell","Pal ell",34,0,0,0,0,0,0,0,0,0,0,0,0,0,0,0,"Manamboli_Lower_14"
2033,"Manamboli_Lower",14,55,309,"Vat ind","Vat ind","Vat ind",139,0,0,0,0,0,0,0,0,0,0,0,0,0,0,0,"Manamboli_Lower_14"
2034,"Manamboli_Lower",14,55,310,"Fic ner","Fic ner","Fic ner",95,0,0,0,0,0,0,0,0,0,0,0,0,0,0,0,"Manamboli_Lower_14"
2035,"Manamboli_Lower",14,55,311,"Cul exa","Cul exa","Cul exa",300,0,0,0,0,0,0,0,0,0,0,0,0,0,0,0,"Manamboli_Lower_14"
2036,"Manamboli_Lower",14,55,312,"Pal ell","Pal ell","Pal ell",52,0,0,0,0,0,0,0,0,0,0,0,0,0,0,0,"Manamboli_Lower_14"
2037,"Manamboli_Lower",14,56,313,"Pal ell","Pal ell","Pal ell",105,0,0,0,0,0,0,0,0,0,0,0,0,0,0,0,"Manamboli_Lower_14"
2038,"Manamboli_Lower",14,56,314,"Vat ind","Vat ind","Vat ind",230,0,0,0,0,0,0,0,0,0,0,0,0,0,0,0,"Manamboli_Lower_14"
2039,"Manamboli_Lower",14,56,315,"Pal ell","Pal ell","Pal ell",35,0,0,0,0,0,0,0,0,0,0,0,0,0,0,0,"Manamboli_Lower_14"
2040,"Manamboli_Lower",14,56,316,"Cul exa","Cul exa","Cul exa",160,0,0,0,0,0,0,0,0,0,0,0,0,0,0,0,"Manamboli_Lower_14"
2041,"Manamboli_Lower",14,56,317,"Vat ind","Vat ind","Vat ind",72,0,0,0,0,0,0,0,0,0,0,0,0,0,0,0,"Manamboli_Lower_14"
2042,"Manamboli_Lower",14,56,318,"Pal ell","Pal ell","Pal ell",70,0,0,0,0,0,0,0,0,0,0,0,0,0,0,0,"Manamboli_Lower_14"
2043,"Manamboli_Lower",15,57,319,"Syz den","Syz den","Syz den",360,0,0,0,0,0,0,0,0,0,0,0,0,0,0,0,"Manamboli_Lower_15"
2044,"Manamboli_Lower",15,57,320,"Fah zey","Par pen","Par pen",113,0,0,0,0,0,0,0,0,0,0,0,0,0,0,0,"Manamboli_Lower_15"
2045,"Manamboli_Lower",15,57,321,"Fah zey","Par pen","Par pen",205,0,0,0,0,0,0,0,0,0,0,0,0,0,0,0,"Manamboli_Lower_15"
2046,"Manamboli_Lower",15,58,322,"Mar ind","NA","Mar ind",32,0,0,0,0,0,0,0,0,0,0,0,0,0,0,0,"Manamboli_Lower_15"
2047,"Manamboli_Lower",15,58,323,"Mar ind","NA","Mar ind",133,0,0,0,0,0,0,0,0,0,0,0,0,0,0,0,"Manamboli_Lower_15"
2048,"Manamboli_Lower",15,58,324,"Per mac","Per mac","Per mac",38,0,0,0,0,0,0,0,0,0,0,0,0,0,0,0,"Manamboli_Lower_15"
2049,"Manamboli_Lower",15,58,325,"Cin mal","Cin mal","Cin mal",58,0,0,0,0,0,0,0,0,0,0,0,0,0,0,0,"Manamboli_Lower_15"
2050,"Manamboli_Lower",15,58,326,"Fic ner","Fic ner","Fic ner",137,0,0,0,0,0,0,0,0,0,0,0,0,0,0,0,"Manamboli_Lower_15"
2051,"Manamboli_Lower",15,58,327,"Ant men","Ant mon","Ant mon",31,0,0,0,0,0,0,0,0,0,0,0,0,0,0,0,"Manamboli_Lower_15"
2052,"Manamboli_Lower",15,59,328,"Mac pel","Mac pel","Mac pel",88,0,0,0,0,0,0,0,0,0,0,0,0,0,0,0,"Manamboli_Lower_15"
2053,"Manamboli_Lower",15,59,329,"Vat ind","Vat ind","Vat ind",60,0,0,0,0,0,0,0,0,0,0,0,0,0,0,0,"Manamboli_Lower_15"
2054,"Manamboli_Lower",15,59,330,"Rei ana","Rei ana","Rei ana",57,0,0,0,0,0,0,0,0,0,0,0,0,0,0,0,"Manamboli_Lower_15"
2055,"Manamboli_Lower",15,59,331,"Dio syl","Dio syl","Dio syl",99,0,0,0,0,0,0,0,0,0,0,0,0,0,0,0,"Manamboli_Lower_15"
2056,"Manamboli_Lower",15,59,332,"Mac pel","Mac pel","Mac pel",110,0,0,0,0,0,0,0,0,0,0,0,0,0,0,0,"Manamboli_Lower_15"
2057,"Manamboli_Lower",15,60,333,"Mac pel","Mac pel","Mac pel",90,0,0,0,0,0,0,0,0,0,0,0,0,0,0,0,"Manamboli_Lower_15"
2058,"Manamboli_Lower",15,60,334,"Syz hem","Syz hem","Syz hem",52,0,0,0,0,0,0,0,0,0,0,0,0,0,0,0,"Manamboli_Lower_15"
2059,"Manamboli_Lower",15,60,335,"Hyd pen","Hyd pen","Hyd pen",32,0,0,0,0,0,0,0,0,0,0,0,0,0,0,0,"Manamboli_Lower_15"
2060,"Manamboli_Lower",15,60,336,"Cul exa","Cul exa","Cul exa",185,0,0,0,0,0,0,0,0,0,0,0,0,0,0,0,"Manamboli_Lower_15"
2061,"Manamboli_Lower",15,60,337,"Cro mal","Cro mal","Cro mal",34,0,0,0,0,0,0,0,0,0,0,0,0,0,0,0,"Manamboli_Lower_15"
2062,"Manamboli_Lower",16,61,338,"Per mac","Per mac","Per mac",390,0,0,0,0,0,0,0,0,0,0,0,0,0,0,0,"Manamboli_Lower_16"
2063,"Manamboli_Lower",16,61,339,"Vat ind","Vat ind","Vat ind",350,0,0,0,0,0,0,0,0,0,0,0,0,0,0,0,"Manamboli_Lower_16"
2064,"Manamboli_Lower",16,61,340,"Kne att","Kne att","Kne att",111,0,0,0,0,0,0,0,0,0,0,0,0,0,0,0,"Manamboli_Lower_16"
2065,"Manamboli_Lower",16,61,341,"Dim bed","Dim bed","Dim bed",104,0,0,0,0,0,0,0,0,0,0,0,0,0,0,0,"Manamboli_Lower_16"
2066,"Manamboli_Lower",16,61,342,"Cul exa","Cul exa","Cul exa",205,0,0,0,0,0,0,0,0,0,0,0,0,0,0,0,"Manamboli_Lower_16"
2067,"Manamboli_Lower",16,61,343,"Too cil","Too cil","Too cil",78,0,0,0,0,0,0,0,0,0,0,0,0,0,0,0,"Manamboli_Lower_16"
2068,"Manamboli_Lower",16,61,344,"Vat ind","Vat ind","Vat ind",90,0,0,0,0,0,0,0,0,0,0,0,0,0,0,0,"Manamboli_Lower_16"
2069,"Manamboli_Lower",16,62,345,"Vat ind","Vat ind","Vat ind",60,0,0,0,0,0,0,0,0,0,0,0,0,0,0,0,"Manamboli_Lower_16"
2070,"Manamboli_Lower",16,62,346,"Kne att","Kne att","Kne att",115,0,0,0,0,0,0,0,0,0,0,0,0,0,0,0,"Manamboli_Lower_16"
2071,"Manamboli_Lower",16,62,347,"Vat ind","Vat ind","Vat ind",395,0,0,0,0,0,0,0,0,0,0,0,0,0,0,0,"Manamboli_Lower_16"
2072,"Manamboli_Lower",16,62,348,"Dio bou","Dio bou","Dio bou",48,0,0,0,0,0,0,0,0,0,0,0,0,0,0,0,"Manamboli_Lower_16"
2073,"Manamboli_Lower",16,62,349,"Dio syl","Dio syl","Dio syl",38,0,0,0,0,0,0,0,0,0,0,0,0,0,0,0,"Manamboli_Lower_16"
2074,"Manamboli_Lower",16,63,350,"Mar ind","NA","Mar ind",73,0,0,0,0,0,0,0,0,0,0,0,0,0,0,0,"Manamboli_Lower_16"
2075,"Manamboli_Lower",16,63,351,"Agl exs","Agl exs","Agl exs",80,0,0,0,0,0,0,0,0,0,0,0,0,0,0,0,"Manamboli_Lower_16"
2076,"Manamboli_Lower",16,63,352,"Fah zey","Par pen","Par pen",100,0,0,0,0,0,0,0,0,0,0,0,0,0,0,0,"Manamboli_Lower_16"
2077,"Manamboli_Lower",16,63,353,"Vat ind","Vat ind","Vat ind",60,0,0,0,0,0,0,0,0,0,0,0,0,0,0,0,"Manamboli_Lower_16"
2078,"Manamboli_Lower",16,63,354,"Vat ind","Vat ind","Vat ind",210,0,0,0,0,0,0,0,0,0,0,0,0,0,0,0,"Manamboli_Lower_16"
2079,"Manamboli_Lower",16,63,355,"Vat ind","Vat ind","Vat ind",104,0,0,0,0,0,0,0,0,0,0,0,0,0,0,0,"Manamboli_Lower_16"
2080,"Manamboli_Lower",16,64,356,"Cal pol","Cal pol","Cal pol",330,0,0,0,0,0,0,0,0,0,0,0,0,0,0,0,"Manamboli_Lower_16"
2081,"Manamboli_Lower",16,64,357,"Fah zey","Par pen","Par pen",89,0,0,0,0,0,0,0,0,0,0,0,0,0,0,0,"Manamboli_Lower_16"
2082,"Manamboli_Lower",16,64,358,"Aph pol","Aph pol","Aph pol",34,0,0,0,0,0,0,0,0,0,0,0,0,0,0,0,"Manamboli_Lower_16"
2083,"Manamboli_Lower",16,64,359,"Dry ela","Dry ven","Dry wig",56,0,0,0,0,0,0,0,0,0,0,0,0,0,0,0,"Manamboli_Lower_16"
2084,"Manamboli_Lower",17,65,360,"Pho pan","Pho pan","Pho pan",34,0,0,0,0,0,0,0,0,0,0,0,0,0,0,0,"Manamboli_Lower_17"
2085,"Manamboli_Lower",17,65,361,"Agl ela","NA","Agl ela",84,0,0,0,0,0,0,0,0,0,0,0,0,0,0,0,"Manamboli_Lower_17"
2086,"Manamboli_Lower",17,65,362,"Agl ela","NA","Agl ela",94,0,0,0,0,0,0,0,0,0,0,0,0,0,0,0,"Manamboli_Lower_17"
2087,"Manamboli_Lower",17,65,363,"Cle spi","NA","Cle spi",59,0,0,0,0,0,0,0,0,0,0,0,0,0,0,0,"Manamboli_Lower_17"
2088,"Manamboli_Lower",17,65,364,"Mar ind","NA","Mar ind",85,0,0,0,0,0,0,0,0,0,0,0,0,0,0,0,"Manamboli_Lower_17"
2089,"Manamboli_Lower",17,65,365,"Cal pol","Cal pol","Cal pol",220,0,0,0,0,0,0,0,0,0,0,0,0,0,0,0,"Manamboli_Lower_17"
2090,"Manamboli_Lower",17,65,366,"Mar ind","NA","Mar ind",200,0,0,0,0,0,0,0,0,0,0,0,0,0,0,0,"Manamboli_Lower_17"
2091,"Manamboli_Lower",17,66,367,"Fah zey","Par pen","Par pen",130,0,0,0,0,0,0,0,0,0,0,0,0,0,0,0,"Manamboli_Lower_17"
2092,"Manamboli_Lower",17,66,368,"Mar ind","NA","Mar ind",66,0,0,0,0,0,0,0,0,0,0,0,0,0,0,0,"Manamboli_Lower_17"
2093,"Manamboli_Lower",17,66,369,"Mar ind","NA","Mar ind",103,0,0,0,0,0,0,0,0,0,0,0,0,0,0,0,"Manamboli_Lower_17"
2094,"Manamboli_Lower",17,67,370,"Dim bed","Dim bed","Dim bed",83,0,0,0,0,0,0,0,0,0,0,0,0,0,0,0,"Manamboli_Lower_17"
2095,"Manamboli_Lower",17,67,371,"Cal pol","Cal pol","Cal pol",242,0,0,0,0,0,0,0,0,0,0,0,0,0,0,0,"Manamboli_Lower_17"
2096,"Manamboli_Lower",17,67,372,"Ant men","Ant mon","Ant mon",85,0,0,0,0,0,0,0,0,0,0,0,0,0,0,0,"Manamboli_Lower_17"
2097,"Manamboli_Lower",17,67,373,"Cal pol","Cal pol","Cal pol",285,0,0,0,0,0,0,0,0,0,0,0,0,0,0,0,"Manamboli_Lower_17"
2098,"Manamboli_Lower",17,67,374,"Fah zey","Par pen","Par pen",39,0,0,0,0,0,0,0,0,0,0,0,0,0,0,0,"Manamboli_Lower_17"
2099,"Manamboli_Lower",17,67,375,"Pol fra","NA","Mon fra",240,0,0,0,0,0,0,0,0,0,0,0,0,0,0,0,"Manamboli_Lower_17"
2100,"Manamboli_Lower",17,67,376,"Agl ela","NA","Agl ela",101,0,0,0,0,0,0,0,0,0,0,0,0,0,0,0,"Manamboli_Lower_17"
2101,"Manamboli_Lower",17,68,377,"Fah zey","Par pen","Par pen",43,0,0,0,0,0,0,0,0,0,0,0,0,0,0,0,"Manamboli_Lower_17"
2102,"Manamboli_Lower",17,68,378,"Mar ind","NA","Mar ind",160,0,0,0,0,0,0,0,0,0,0,0,0,0,0,0,"Manamboli_Lower_17"
2103,"Manamboli_Lower",17,68,379,"Cro mal","Cro mal","Cro mal",37,0,0,0,0,0,0,0,0,0,0,0,0,0,0,0,"Manamboli_Lower_17"
2104,"Manamboli_Lower",17,68,380,"Ant men","Ant mon","Ant mon",35,0,0,0,0,0,0,0,0,0,0,0,0,0,0,0,"Manamboli_Lower_17"
2105,"Manamboli_Lower",17,68,381,"Agl ela","NA","Agl ela",117,0,0,0,0,0,0,0,0,0,0,0,0,0,0,0,"Manamboli_Lower_17"
2106,"Manamboli_Lower",17,68,382,"Oto sti","NA","Oto sti",34,0,0,0,0,0,0,0,0,0,0,0,0,0,0,0,"Manamboli_Lower_17"
2107,"Manamboli_Lower",18,69,383,"Rei ana","Rei ana","Rei ana",99,0,0,0,0,0,0,0,0,0,0,0,0,0,0,0,"Manamboli_Lower_18"
2108,"Manamboli_Lower",18,69,384,"Mac pel","Mac pel","Mac pel",94,0,0,0,0,0,0,0,0,0,0,0,0,0,0,0,"Manamboli_Lower_18"
2109,"Manamboli_Lower",18,69,385,"Cle spi","NA","Cle spi",36,0,0,0,0,0,0,0,0,0,0,0,0,0,0,0,"Manamboli_Lower_18"
2110,"Manamboli_Lower",18,69,386,"Mar ind","NA","Mar ind",195,0,0,0,0,0,0,0,0,0,0,0,0,0,0,0,"Manamboli_Lower_18"
2111,"Manamboli_Lower",18,69,387,"Vat ind","Vat ind","Vat ind",60,0,0,0,0,0,0,0,0,0,0,0,0,0,0,0,"Manamboli_Lower_18"
2112,"Manamboli_Lower",18,70,388,"Cle spi","NA","Cle spi",75,0,0,0,0,0,0,0,0,0,0,0,0,0,0,0,"Manamboli_Lower_18"
2113,"Manamboli_Lower",18,70,389,"Dry lon","NA","Dry lon",50,0,0,0,0,0,0,0,0,0,0,0,0,0,0,0,"Manamboli_Lower_18"
2114,"Manamboli_Lower",18,70,390,"Vat ind","Vat ind","Vat ind",210,0,0,0,0,0,0,0,0,0,0,0,0,0,0,0,"Manamboli_Lower_18"
2115,"Manamboli_Lower",18,70,391,"Fah zey","Par pen","Par pen",51,0,0,0,0,0,0,0,0,0,0,0,0,0,0,0,"Manamboli_Lower_18"
2116,"Manamboli_Lower",18,70,392,"Cul exa","Cul exa","Cul exa",42,0,0,0,0,0,0,0,0,0,0,0,0,0,0,0,"Manamboli_Lower_18"
2117,"Manamboli_Lower",18,70,393,"Rei ana","Rei ana","Rei ana",64,0,0,0,0,0,0,0,0,0,0,0,0,0,0,0,"Manamboli_Lower_18"
2118,"Manamboli_Lower",18,70,394,"Vat ind","Vat ind","Vat ind",38,0,0,0,0,0,0,0,0,0,0,0,0,0,0,0,"Manamboli_Lower_18"
2119,"Manamboli_Lower",18,70,395,"Cul exa","Cul exa","Cul exa",94,0,0,0,0,0,0,0,0,0,0,0,0,0,0,0,"Manamboli_Lower_18"
2120,"Manamboli_Lower",18,70,396,"Can str","Can str","Can str",42,0,0,0,0,0,0,0,0,0,0,0,0,0,0,0,"Manamboli_Lower_18"
2121,"Manamboli_Lower",18,70,397,"Myr dac","Myr dac","Myr bed",142,0,0,0,0,0,0,0,0,0,0,0,0,0,0,0,"Manamboli_Lower_18"
2122,"Manamboli_Lower",18,71,398,"Vat ind","Vat ind","Vat ind",207,0,0,0,0,0,0,0,0,0,0,0,0,0,0,0,"Manamboli_Lower_18"
2123,"Manamboli_Lower",18,71,399,"Cro mal","Cro mal","Cro mal",40,0,0,0,0,0,0,0,0,0,0,0,0,0,0,0,"Manamboli_Lower_18"
2124,"Manamboli_Lower",18,71,400,"Mar ind","NA","Mar ind",117,0,0,0,0,0,0,0,0,0,0,0,0,0,0,0,"Manamboli_Lower_18"
2125,"Manamboli_Lower",18,72,401,"Fah zey","Par pen","Par pen",135,0,0,0,0,0,0,0,0,0,0,0,0,0,0,0,"Manamboli_Lower_18"
2126,"Manamboli_Lower",18,72,402,"Bac cou","NA","Bac cou",39,0,0,0,0,0,0,0,0,0,0,0,0,0,0,0,"Manamboli_Lower_18"
2127,"Manamboli_Lower",18,72,403,"Cle spi","NA","Cle spi",36,0,0,0,0,0,0,0,0,0,0,0,0,0,0,0,"Manamboli_Lower_18"
2128,"Manamboli_Lower",19,73,404,"Vat ind","Vat ind","Vat ind",59,0,0,0,0,0,0,0,0,0,0,0,0,0,0,0,"Manamboli_Lower_19"
2129,"Manamboli_Lower",19,73,405,"Rei ana","Rei ana","Rei ana",82,0,0,0,0,0,0,0,0,0,0,0,0,0,0,0,"Manamboli_Lower_19"
2130,"Manamboli_Lower",19,73,406,"Agl ela bed","NA","Agl ela",88,0,0,0,0,0,0,0,0,0,0,0,0,0,0,0,"Manamboli_Lower_19"
2131,"Manamboli_Lower",19,73,407,"Cle spi","NA","Cle spi",152,0,0,0,0,0,0,0,0,0,0,0,0,0,0,0,"Manamboli_Lower_19"
2132,"Manamboli_Lower",19,73,408,"Agl ela","NA","Agl ela",107,0,0,0,0,0,0,0,0,0,0,0,0,0,0,0,"Manamboli_Lower_19"
2133,"Manamboli_Lower",19,73,409,"Dim bed","Dim bed","Dim bed",70,0,0,0,0,0,0,0,0,0,0,0,0,0,0,0,"Manamboli_Lower_19"
2134,"Manamboli_Lower",19,74,410,"Dio bux","NA","Dio bux",63,0,0,0,0,0,0,0,0,0,0,0,0,0,0,0,"Manamboli_Lower_19"
2135,"Manamboli_Lower",19,74,411,"Dio syl","Dio syl","Dio syl",180,0,0,0,0,0,0,0,0,0,0,0,0,0,0,0,"Manamboli_Lower_19"
2136,"Manamboli_Lower",19,74,412,"Agl ela","NA","Agl ela",50,0,0,0,0,0,0,0,0,0,0,0,0,0,0,0,"Manamboli_Lower_19"
2137,"Manamboli_Lower",19,74,413,"Rei ana","Rei ana","Rei ana",58,0,0,0,0,0,0,0,0,0,0,0,0,0,0,0,"Manamboli_Lower_19"
2138,"Manamboli_Lower",19,74,414,"Dim bed","Dim bed","Dim bed",108,0,0,0,0,0,0,0,0,0,0,0,0,0,0,0,"Manamboli_Lower_19"
2139,"Manamboli_Lower",19,75,415,"Myr dac","Myr dac","Myr bed",72,0,0,0,0,0,0,0,0,0,0,0,0,0,0,0,"Manamboli_Lower_19"
2140,"Manamboli_Lower",19,75,416,"Fah zey","Par pen","Par pen",50,0,0,0,0,0,0,0,0,0,0,0,0,0,0,0,"Manamboli_Lower_19"
2141,"Manamboli_Lower",19,75,417,"Rei ana","Rei ana","Rei ana",63,0,0,0,0,0,0,0,0,0,0,0,0,0,0,0,"Manamboli_Lower_19"
2142,"Manamboli_Lower",19,75,418,"Fah zey","Par pen","Par pen",105,0,0,0,0,0,0,0,0,0,0,0,0,0,0,0,"Manamboli_Lower_19"
2143,"Manamboli_Lower",19,75,419,"Ant men","Ant mon","Ant mon",33,0,0,0,0,0,0,0,0,0,0,0,0,0,0,0,"Manamboli_Lower_19"
2144,"Manamboli_Lower",19,76,420,"Oto sti","NA","Oto sti",39,0,0,0,0,0,0,0,0,0,0,0,0,0,0,0,"Manamboli_Lower_19"
2145,"Manamboli_Lower",19,76,421,"Cle spi","NA","Cle spi",49,0,0,0,0,0,0,0,0,0,0,0,0,0,0,0,"Manamboli_Lower_19"
2146,"Manamboli_Lower",19,76,422,"Rei ana","Rei ana","Rei ana",47,0,0,0,0,0,0,0,0,0,0,0,0,0,0,0,"Manamboli_Lower_19"
2147,"Manamboli_Lower",19,76,423,"Rei ana","Rei ana","Rei ana",68,0,0,0,0,0,0,0,0,0,0,0,0,0,0,0,"Manamboli_Lower_19"
2148,"Manamboli_Lower",19,76,424,"Agl ela","NA","Agl ela",185,0,0,0,0,0,0,0,0,0,0,0,0,0,0,0,"Manamboli_Lower_19"
2149,"Manamboli_Lower",19,76,425,"Syz den","Syz den","Syz den",592,0,0,0,0,0,0,0,0,0,0,0,0,0,0,0,"Manamboli_Lower_19"
2150,"Manamboli_Lower",20,77,426,"Rei ana","Rei ana","Rei ana",137,0,0,0,0,0,0,0,0,0,0,0,0,0,0,0,"Manamboli_Lower_20"
2151,"Manamboli_Lower",20,77,427,"Agl ela","NA","Agl ela",144,0,0,0,0,0,0,0,0,0,0,0,0,0,0,0,"Manamboli_Lower_20"
2152,"Manamboli_Lower",20,77,428,"Myr dac","Myr dac","Myr bed",107,0,0,0,0,0,0,0,0,0,0,0,0,0,0,0,"Manamboli_Lower_20"
2153,"Manamboli_Lower",20,77,429,"Agl jai","Agl jai","Agl law",84,0,0,0,0,0,0,0,0,0,0,0,0,0,0,0,"Manamboli_Lower_20"
2154,"Manamboli_Lower",20,77,430,"Cle spi","NA","Cle spi",48,0,0,0,0,0,0,0,0,0,0,0,0,0,0,0,"Manamboli_Lower_20"
2155,"Manamboli_Lower",20,77,431,"Agl ela","NA","Agl ela",170,0,0,0,0,0,0,0,0,0,0,0,0,0,0,0,"Manamboli_Lower_20"
2156,"Manamboli_Lower",20,77,432,"Vat ind","Vat ind","Vat ind",105,0,0,0,0,0,0,0,0,0,0,0,0,0,0,0,"Manamboli_Lower_20"
2157,"Manamboli_Lower",20,78,433,"Fil dec","NA","Fil dec",260,0,0,0,0,0,0,0,0,0,0,0,0,0,0,0,"Manamboli_Lower_20"
2158,"Manamboli_Lower",20,78,434,"Cal pol","Cal pol","Cal pol",83,0,0,0,0,0,0,0,0,0,0,0,0,0,0,0,"Manamboli_Lower_20"
2159,"Manamboli_Lower",20,78,435,"Vat ind","Vat ind","Vat ind",64,0,0,0,0,0,0,0,0,0,0,0,0,0,0,0,"Manamboli_Lower_20"
2160,"Manamboli_Lower",20,78,436,"Vat ind","Vat ind","Vat ind",90,0,0,0,0,0,0,0,0,0,0,0,0,0,0,0,"Manamboli_Lower_20"
2161,"Manamboli_Lower",20,78,437,"Myr dac","Myr dac","Myr bed",116,0,0,0,0,0,0,0,0,0,0,0,0,0,0,0,"Manamboli_Lower_20"
2162,"Manamboli_Lower",20,78,438,"Cle spi","NA","Cle spi",52,0,0,0,0,0,0,0,0,0,0,0,0,0,0,0,"Manamboli_Lower_20"
2163,"Manamboli_Lower",20,79,439,"Mes fer","Mes fer","Mes fer",86,0,0,0,0,0,0,0,0,0,0,0,0,0,0,0,"Manamboli_Lower_20"
2164,"Manamboli_Lower",20,79,440,"Vat ind","Vat ind","Vat ind",78,0,0,0,0,0,0,0,0,0,0,0,0,0,0,0,"Manamboli_Lower_20"
2165,"Manamboli_Lower",20,79,441,"Cle spi","NA","Cle spi",36,0,0,0,0,0,0,0,0,0,0,0,0,0,0,0,"Manamboli_Lower_20"
2166,"Manamboli_Lower",20,79,442,"Dio bou","Dio bou","Dio bou",76,0,0,0,0,0,0,0,0,0,0,0,0,0,0,0,"Manamboli_Lower_20"
2167,"Manamboli_Lower",20,79,443,"Rei ana","Rei ana","Rei ana",56,0,0,0,0,0,0,0,0,0,0,0,0,0,0,0,"Manamboli_Lower_20"
2168,"Manamboli_Lower",20,79,444,"Vat ind","Vat ind","Vat ind",101,0,0,0,0,0,0,0,0,0,0,0,0,0,0,0,"Manamboli_Lower_20"
2169,"Manamboli_Lower",20,79,445,"Myr dac","Myr dac","Myr bed",170,0,0,0,0,0,0,0,0,0,0,0,0,0,0,0,"Manamboli_Lower_20"
2170,"Manamboli_Lower",20,79,446,"Vat ind","Vat ind","Vat ind",195,0,0,0,0,0,0,0,0,0,0,0,0,0,0,0,"Manamboli_Lower_20"
2171,"Manamboli_Lower",20,79,447,"Pol fra","NA","Mon fra",210,0,0,0,0,0,0,0,0,0,0,0,0,0,0,0,"Manamboli_Lower_20"
2172,"Manamboli_Lower",20,80,448,"Cal pol","Cal pol","Cal pol",85,0,0,0,0,0,0,0,0,0,0,0,0,0,0,0,"Manamboli_Lower_20"
2173,"Manamboli_Lower",20,80,449,"Agl ela","NA","Agl ela",230,0,0,0,0,0,0,0,0,0,0,0,0,0,0,0,"Manamboli_Lower_20"
2174,"Manamboli_Lower",20,80,450,"Agl jai","Agl jai","Agl law",220,0,0,0,0,0,0,0,0,0,0,0,0,0,0,0,"Manamboli_Lower_20"
2175,"Manamboli_Lower",20,80,451,"Dio syl","Dio syl","Dio syl",170,0,0,0,0,0,0,0,0,0,0,0,0,0,0,0,"Manamboli_Lower_20"
2176,"Manamboli_Lower",20,80,452,"Rei ana","Rei ana","Rei ana",45,0,0,0,0,0,0,0,0,0,0,0,0,0,0,0,"Manamboli_Lower_20"
2177,"Manamboli_Lower",20,80,453,"Cle spi","NA","Cle spi",53,0,0,0,0,0,0,0,0,0,0,0,0,0,0,0,"Manamboli_Lower_20"
